16 -0.00069156 -0.0036572 0.00151979 6.68498 -1.65505 -6.74023
48 -0.00130643 -0.00132944 0.00240532 6.63524 -1.61687 -6.74414
80 -0.00230119 -0.00153727 0.00173189 6.59619 -1.55946 -6.75416
112 -0.00238219 -0.00105084 0.00441495 6.56409 -1.48275 -6.75668
144 -0.00271712 -0.000618402 0.00365811 6.54375 -1.4004 -6.7616
176 -0.0029279 -0.00109726 0.00432515 6.5105 -1.31625 -6.76622
208 -0.00261309 -0.00098513 0.00405331 6.48606 -1.22864 -6.7713
240 -0.00266546 -0.00111113 0.00494122 6.45715 -1.14228 -6.77908
272 -0.00267174 -0.000655999 0.00465332 6.43483 -1.06725 -6.78797
528 -0.00202696 -0.00176068 -0.00038406 6.62653 -1.61505 -6.71918
560 -0.00212656 -0.0006898 0.00104725 6.60247 -1.54664 -6.72114
592 -0.00286727 -0.00102088 0.00103731 6.57314 -1.46419 -6.72705
624 -0.00327252 -0.00095262 0.00109682 6.53876 -1.3687 -6.72755
656 -0.0029274 -0.00057482 0.00175577 6.51549 -1.27608 -6.7264
688 -0.00271938 -0.00030539 0.00160712 6.49412 -1.19184 -6.72804
720 -0.00218445 -0.00073553 0.00226463 6.46606 -1.12011 -6.72915
752 -0.00132581 -0.00099947 0.00228188 6.4301 -1.06426 -6.73098
784 -0.000419346 -0.00194555 0.000687127 6.38304 -1.03244 -6.73731
1040 -0.00174119 -0.00181956 0.00173857 6.61004 -1.72592 -6.60603
1072 -0.00282986 -0.00094153 0.000901519 6.57832 -1.64748 -6.6037
1104 -0.00345161 -0.00072803 0.000204073 6.54705 -1.5493 -6.60786
1136 -0.00339432 -0.00088794 0.000363 6.51253 -1.44408 -6.6063
1168 -0.00329868 -0.0009802 0.000183633 6.48274 -1.34164 -6.60756
1200 -0.00314317 -0.0008956 0.000235785 6.44674 -1.23973 -6.60988
1232 -0.0025418 -0.00108812 -0.000333487 6.41181 -1.15495 -6.61188
1264 -0.00226609 -0.00087195 -0.000609034 6.37134 -1.08191 -6.61478
1296 -0.00103937 -0.00120235 -0.000771147 6.33589 -1.02735 -6.61617
1552 0.000234342 0.000892042 0.0059539 5.80628 -1.14349 -6.4667
1584 0.000703208 0.001806 0.00179159 5.83977 -1.16124 -6.47634
1616 0.00131594 0.00145963 0.00123855 5.87509 -1.18704 -6.47421
1648 0.0014275 0.00180285 -0.00238078 5.91634 -1.21774 -6.46896
1680 0.00150753 0.00170446 -0.0039669 5.95965 -1.23877 -6.46492
1712 0.00115607 0.00161261 -0.00392142 6.00318 -1.25848 -6.46664
1744 0.00089385 0.00172995 -0.0050571 6.04073 -1.27876 -6.47025
1776 0.00045178 0.00141602 -0.0059015 6.07245 -1.28745 -6.47403
1808 0.00110824 0.00134424 -0.00272118 6.10584 -1.29024 -6.47177
2064 0.00192388 0.00269268 0.0083771 5.90454 -1.14314 -6.37841
2096 0.00053361 0.00215816 0.0053892 5.96539 -1.17022 -6.39031
2128 0.00097409 0.00226712 0.0044059 6.0216 -1.18787 -6.39608
2160 0.000533384 0.00173705 0.00297606 6.066 -1.20322 -6.39731
2192 0.000972032 0.0014108 0.00239557 6.1017 -1.21702 -6.40027
2224 0.000528841 0.00100389 0.00101677 6.12401 -1.23119 -6.40158
2256 0.000395907 0.00061898 0.0005419 6.13127 -1.23864 -6.40581
2288 0.00010325 -0.00038452 -0.00283804 6.11309 -1.23055 -6.41204
2320 0.00027875 -0.00031835 -0.0055444 6.08834 -1.22334 -6.41295
2576 0.000387532 -5.515e-05 0.00186504 5.92336 -1.14109 -6.36147
2608 -0.000188344 0.000697798 0.00116741 5.9364 -1.14386 -6.36852
2640 0.000468626 0.00109265 0.00109295 5.96376 -1.14705 -6.37016
2672 0.00062699 0.00111248 7.389e-05 5.98779 -1.15793 -6.37335
2704 0.00051891 0.00089529 -0.00022448 6.00365 -1.16424 -6.37688
2736 0.00041452 0.00132737 -0.00107012 6.02222 -1.17468 -6.37864
2768 0.00051326 0.00081719 -0.00126593 6.03896 -1.18087 -6.38222
2800 0.00030907 0.00076687 -0.00161802 6.04475 -1.18959 -6.39374
2832 -0.00010029 -6.355e-06 -0.00124176 6.0386 -1.19504 -6.3923
3088 -0.000824048 0.000175828 -0.0053867 5.99114 -1.1551 -6.30705
3120 -0.000972456 0.00123281 -0.00490156 6.02982 -1.12528 -6.31308
3152 -0.000340728 0.00146648 -0.00562266 6.06308 -1.10514 -6.32292
3184 -0.000295378 0.00098923 -0.00489183 6.08701 -1.09875 -6.32745
3216 0.00071592 0.00015996 -0.00451638 6.0944 -1.09999 -6.33506
3248 0.000738367 -0.00021763 -0.0041929 6.08161 -1.12162 -6.3399
3280 0.00132812 -0.0005785 -0.00371933 6.06234 -1.15169 -6.34756
3312 0.00113056 -0.00026631 -0.00320635 6.04117 -1.1874 -6.35493
3344 0.00031676 -0.00017106 -0.00174912 6.01522 -1.21591 -6.35953
3600 -0.00199206 0.00104208 -0.0085212 6.0072 -1.17565 -6.30953
3632 -0.00087408 0.000804945 -0.0061305 6.03667 -1.14654 -6.32861
3664 -0.00053676 0.00064399 -0.00575139 6.0476 -1.13558 -6.33811
3696 -0.00088674 0.000765498 -0.00598409 6.05247 -1.12958 -6.34045
3728 0.00105008 -0.00065008 -0.00586203 6.04406 -1.13701 -6.35091
3760 0.000472218 5.425e-05 -0.00427263 6.03646 -1.14922 -6.3557
3792 0.00064109 -0.00010049 -0.00329576 6.02393 -1.16876 -6.36574
3824 0.0005225 -1.007e-05 -0.00310834 6.01137 -1.19332 -6.37504
3856 0.00038697 -0.0004707 -0.00206108 5.99928 -1.21093 -6.37812
4112 -0.00091383 -0.000628218 0.011354 6.06464 -1.12222 -6.26777
4144 -0.000640115 -0.00032804 0.0056638 6.06524 -1.11511 -6.28839
4176 -0.00011954 -0.00017121 0.00378545 6.05726 -1.11813 -6.29958
4208 0.00029817 -0.00017703 0.00383523 6.05059 -1.13573 -6.30735
4240 2.622e-05 -0.0002118 0.00297003 6.04093 -1.15438 -6.31602
4272 0.00074724 -0.00022134 0.00225921 6.0309 -1.17331 -6.32208
4304 0.0007565 -0.00042687 0.0012832 6.01748 -1.20086 -6.33062
4336 0.000702002 -0.00024628 0.0013507 6.00422 -1.22706 -6.34273
4368 0.00051682 -0.000601794 -0.00220796 5.99731 -1.249 -6.35013
4624 -0.00104453 0.000340395 -0.00676863 6.50265 -1.60184 -6.78471
4656 -0.00129101 0.000519066 -0.00464688 6.51674 -1.56474 -6.79319
4688 -0.00199876 1.2402e-05 -0.00485542 6.51739 -1.50804 -6.8064
4720 -0.00243817 0.000202156 -0.00475294 6.51646 -1.43735 -6.8161
4752 -0.00292705 0.00010268 -0.0044127 6.50893 -1.34819 -6.82515
4784 -0.00268273 -1.544e-06 -0.00240205 6.506 -1.25619 -6.83777
4816 -0.00236176 0.000322822 -0.0016795 6.49932 -1.16617 -6.84719
4848 -0.00177614 0.000591453 -0.00283466 6.49878 -1.0855 -6.85926
4880 -0.0022862 -5.8996e-05 -0.00412244 6.49852 -1.0099 -6.87655
5136 -0.00197311 -0.00175353 -0.00466957 6.60913 -1.61407 -6.79316
5168 -0.00166469 -0.00062783 -0.00251791 6.58736 -1.56284 -6.79747
5200 -0.00256 -0.000739789 -0.00294863 6.56418 -1.49498 -6.80868
5232 -0.00266747 -0.000543945 -0.00250992 6.5436 -1.4101 -6.81606
5264 -0.00282705 -0.000439953 -0.00121766 6.52345 -1.32375 -6.82084
5296 -0.00280057 -0.000295826 -0.00162626 6.50513 -1.23205 -6.83044
5328 -0.00249448 -7.0574e-05 -6.13e-05 6.49236 -1.14801 -6.83835
5360 -0.00216009 -9.3438e-05 -0.000305338 6.47636 -1.06883 -6.85
5392 -0.00152409 0.00010139 0.000312535 6.47041 -1.01118 -6.86457
5648 -0.00204177 -0.0026025 -0.00220545 6.67325 -1.591 -6.73098
5680 -0.00198702 -0.00135243 -0.0018964 6.63131 -1.53751 -6.73682
5712 -0.00249635 -0.00118874 -0.00211133 6.59243 -1.47331 -6.74369
5744 -0.00290586 -0.00077772 -0.00132135 6.56429 -1.38542 -6.75178
5776 -0.00304201 -0.000542655 -0.00056335 6.52933 -1.29385 -6.75966
5808 -0.0028796 -0.000166788 -0.000315575 6.51699 -1.20326 -6.76459
5840 -0.00246405 -0.000279882 0.000388771 6.49378 -1.12052 -6.77016
5872 -0.00224058 -0.0002431 0.00157607 6.4701 -1.05031 -6.78321
5904 -0.00130462 -0.00102331 0.00360126 6.45026 -0.998552 -6.792
65552 -0.00106234 0.000924698 0.00389787 6.24115 -1.40275 -6.99068
65584 -0.000591181 0.00103233 0.00311058 6.27699 -1.37128 -6.99792
65616 -0.000680447 0.000679505 0.00327147 6.30574 -1.34901 -7.00689
65648 -0.000459913 0.000809657 0.0024618 6.32869 -1.33086 -7.00722
65680 -0.000761592 0.000992658 0.00242948 6.35975 -1.31224 -7.01317
65712 -0.000461844 0.000731125 0.00168121 6.38849 -1.29092 -7.01745
65744 -0.000372797 0.000381887 0.000824246 6.40433 -1.27724 -7.02303
65776 -0.000579143 6.02608e-05 0.00045032 6.41623 -1.26182 -7.0304
65808 -0.000251546 0.000273506 0.000263235 6.43086 -1.24992 -7.03451
66064 -5.89734e-05 0.000110538 0.00437921 6.13308 -1.46419 -7.04941
66096 0.000350374 0.000509637 0.0032933 6.13889 -1.46988 -7.05512
66128 -7.9629e-05 0.000555322 0.00225918 6.15695 -1.47028 -7.06149
66160 -0.000288886 0.000720883 0.00157314 6.18145 -1.46379 -7.06437
66192 -0.000394053 0.00104475 0.00124816 6.21106 -1.45526 -7.06678
66224 -0.00106465 0.00137902 0.000291007 6.24827 -1.43157 -7.06945
66256 -0.00111327 0.00094975 0.000495679 6.29128 -1.39431 -7.07154
66288 -0.00146855 0.00113429 -0.00059821 6.32571 -1.35471 -7.07703
66320 -0.00214864 0.00136858 -0.00123894 6.3732 -1.30152 -7.08113
66576 -0.000576046 0.000483916 0.00439729 6.07813 -1.50593 -6.9104
66608 -0.000502898 0.000787325 0.00340202 6.09957 -1.48574 -6.91566
66640 -0.00078385 0.000796971 0.00228775 6.12689 -1.46106 -6.92064
66672 -0.00103892 0.00075902 0.00195428 6.15183 -1.43265 -6.92574
66704 -0.00116332 0.000973911 0.00106892 6.18415 -1.39528 -6.92801
66736 -0.00135398 0.00148716 0.000396033 6.22066 -1.35632 -6.93314
66768 -0.00128909 0.00172806 -0.000316085 6.27296 -1.31378 -6.93865
66800 -0.00099401 0.00172649 -0.00106518 6.3293 -1.27872 -6.94253
66832 -0.00123531 0.00187599 -0.00163057 6.38853 -1.24367 -6.94514
67088 -0.000381735 0.000842754 0.00605104 6.0407 -1.56519 -7.04608
67120 -0.00139912 0.0013522 0.00524542 6.06682 -1.51705 -7.04744
67152 -0.00166692 0.00159871 0.00370835 6.10739 -1.46421 -7.04852
67184 -0.00132711 0.00185848 0.00344786 6.15533 -1.41171 -7.04643
67216 -0.00139195 0.00192424 0.00197278 6.21645 -1.35943 -7.04852
67248 -0.00117221 0.00172369 0.00114937 6.27114 -1.31463 -7.05084
67280 -0.00137352 0.00134406 0.00070546 6.32034 -1.26838 -7.05358
67312 -0.000741361 0.00110958 3.8982e-05 6.36153 -1.23218 -7.05741
67344 -0.00098985 0.000941422 -0.00109949 6.40008 -1.20541 -7.05921
67600 0.00037718 -0.00048835 -0.012295 6.21096 -1.15911 -6.36178
67632 0.00074786 0.00021919 -0.0121905 6.20481 -1.17961 -6.36866
67664 0.00057591 4.32e-06 -0.0113886 6.20757 -1.2019 -6.37279
67696 0.00041017 0.00016847 -0.0108158 6.21102 -1.22331 -6.37316
67728 0.00016908 -0.00027391 -0.0096331 6.21189 -1.2328 -6.37751
67760 -0.000209269 -0.00042015 -0.0083593 6.20443 -1.23483 -6.37948
67792 0.00010104 -0.00043705 -0.0075146 6.19056 -1.23188 -6.38526
67824 -0.000174133 -0.00034013 -0.0053281 6.1794 -1.23323 -6.39192
67856 0.000254863 -0.00043852 -0.0038822 6.16508 -1.22721 -6.39262
68112 0.0010794 -0.00112596 -0.0138929 6.15944 -0.960546 -6.41599
68144 0.000694846 -0.00078147 -0.0135223 6.13259 -0.987694 -6.42296
68176 0.00084619 -0.000573165 -0.0115044 6.1122 -1.00829 -6.42651
68208 0.000764369 -9.9868e-05 -0.00970044 6.10192 -1.02935 -6.42659
68240 0.000794805 0.000201518 -0.0085636 6.10721 -1.05117 -6.43235
68272 0.000777573 0.000331176 -0.00783158 6.11379 -1.07568 -6.43106
68304 0.000723148 9.67e-06 -0.00640115 6.11966 -1.09632 -6.43269
68336 0.00107203 0.000432895 -0.00526322 6.1255 -1.12019 -6.43816
68368 0.00132991 0.00029091 -0.0040456 6.13642 -1.1507 -6.43993
68624 0.0012344 -0.00144136 -0.0154599 6.01056 -0.811793 -6.31996
68656 0.00099925 -0.000817623 -0.0142431 5.97313 -0.850447 -6.32427
68688 0.00126828 -0.00016919 -0.0125105 5.95961 -0.883432 -6.32536
68720 0.00143282 0.000611638 -0.010697 5.96563 -0.927278 -6.33126
68752 0.00140453 0.000798415 -0.00898949 5.99073 -0.972152 -6.33178
68784 0.00121877 0.000869242 -0.00743132 6.01543 -1.01476 -6.32624
68816 0.00111738 0.000687947 -0.00535069 6.03981 -1.0529 -6.32946
68848 0.00113023 0.00084929 -0.00454873 6.06455 -1.08448 -6.33403
68880 0.00086856 0.00059544 -0.00214903 6.08605 -1.11604 -6.33372
69136 0.00191589 -0.00115741 -0.0125854 5.83313 -0.760313 -6.34888
69168 0.00151017 -0.000846166 -0.0113975 5.80505 -0.815619 -6.35101
69200 0.00160945 -4.4487e-05 -0.00951594 5.79102 -0.863017 -6.34778
69232 0.00155819 0.000771061 -0.0084582 5.80505 -0.91165 -6.35251
69264 0.0015015 0.00113134 -0.00708646 5.83556 -0.953265 -6.35174
69296 0.00127715 0.00142563 -0.00564341 5.8762 -0.997068 -6.34811
69328 0.00160208 0.00178193 -0.00437746 5.92523 -1.0402 -6.34802
69360 0.00155934 0.00172546 -0.00280028 5.97541 -1.08477 -6.35065
69392 0.00137164 0.00166797 -0.00131656 6.02517 -1.12453 -6.34931
69648 0.00180029 -0.00109703 -0.014463 5.75674 -0.764 -6.4308
69680 0.00184849 -0.000299145 -0.0133598 5.72687 -0.825566 -6.43389
69712 0.00197148 0.00052017 -0.0121911 5.72894 -0.882744 -6.44045
69744 0.0013243 0.00114664 -0.0102467 5.75414 -0.933877 -6.44225
69776 0.00094626 0.00159037 -0.0084629 5.79427 -0.965028 -6.44612
69808 0.00113967 0.00137868 -0.0069054 5.83696 -0.997268 -6.45035
69840 0.00152854 0.00154349 -0.0053384 5.88469 -1.03248 -6.45164
69872 0.00129432 0.00195275 -0.00378616 5.94008 -1.07285 -6.45602
69904 0.00132931 0.001532 -0.00233286 5.99445 -1.11024 -6.45992
70160 0.00175041 0.000126933 -0.0099354 5.5812 -0.853751 -6.30996
70192 0.00263038 0.00036404 -0.00962217 5.58609 -0.932657 -6.31661
70224 0.00224967 0.00116476 -0.0090653 5.60301 -1.0054 -6.322
70256 0.00168157 0.00125807 -0.0076294 5.6386 -1.06428 -6.32628
70288 0.00151457 0.00178549 -0.0067531 5.68178 -1.11182 -6.3338
70320 0.00088659 0.00202307 -0.00554593 5.74094 -1.14869 -6.3367
70352 0.00088198 0.00261485 -0.0044184 5.81127 -1.17434 -6.34145
70384 0.00045596 0.00302512 -0.00376724 5.8947 -1.19317 -6.34682
70416 0.000144159 0.00313655 -0.00305879 5.98283 -1.19939 -6.35324
70672 0.00223357 0.00021942 -0.0112302 5.53453 -0.916503 -6.31059
70704 0.00180277 0.00117793 -0.0103548 5.56456 -0.972937 -6.31899
70736 0.00140562 0.00174102 -0.0094262 5.60957 -1.02197 -6.32544
70768 0.00113416 0.00209635 -0.0088677 5.66832 -1.06087 -6.33124
70800 0.00105931 0.00216093 -0.0081625 5.72924 -1.09162 -6.34094
70832 0.00084285 0.00226263 -0.0066343 5.79677 -1.12106 -6.34196
70864 0.00064787 0.00245248 -0.0053205 5.86589 -1.14724 -6.34843
70896 0.000664209 0.00260976 -0.0044803 5.94262 -1.16657 -6.35701
70928 5.188e-05 0.00258969 -0.0029446 6.01965 -1.1797 -6.36498
71184 0.00179421 0.00160428 -0.0014188 5.44877 -1.0293 -6.27351
71216 0.00138771 0.00173362 -0.0018455 5.50569 -1.08354 -6.28921
71248 0.00086956 0.00224242 -0.0022305 5.56718 -1.12018 -6.3005
71280 0.00058305 0.00241645 -0.00230095 5.63605 -1.14762 -6.30874
71312 9.774e-05 0.00267379 -0.0018262 5.70837 -1.15385 -6.31953
71344 0.000171425 0.00252271 -0.00259678 5.78743 -1.16017 -6.32536
71376 0.000138785 0.00236652 -0.00280812 5.8611 -1.16583 -6.3325
71408 8.0768e-05 0.00245375 -0.00268428 5.93376 -1.16855 -6.34537
71440 0.00023113 0.00225172 -0.00284189 6.00521 -1.17407 -6.35327
71696 -0.000931033 -4.2522e-05 -0.00111803 6.25002 -1.38318 -6.89372
71728 -0.000768051 0.000348719 -0.00067683 6.26199 -1.36341 -6.90484
71760 -0.00110898 0.000277334 -0.00110004 6.27345 -1.33617 -6.91735
71792 -0.00120715 0.000394051 -0.0009614 6.28888 -1.30298 -6.92467
71824 -0.00135461 0.000365027 -0.00114656 6.30081 -1.26418 -6.93329
71856 -0.00119227 0.000455678 -0.00132857 6.3193 -1.22983 -6.9413
71888 -0.00106887 0.000826399 -0.00142757 6.34147 -1.19574 -6.94925
71920 -0.00105188 0.000961933 -0.00180751 6.37104 -1.16452 -6.96244
71952 -0.000598545 0.00114238 -0.00213984 6.4058 -1.14213 -6.97243
72208 0.000275968 0.00149368 -7.89e-05 6.20206 -1.49062 -6.84217
72240 0.000139407 0.00104088 -0.0008784 6.25002 -1.49471 -6.85364
72272 -0.000523977 0.00105462 -0.00091279 6.28697 -1.49107 -6.86468
72304 -0.000814168 0.00102831 -0.00108646 6.32505 -1.47203 -6.87498
72336 -0.00136708 0.00113805 -0.00089175 6.35758 -1.4362 -6.88633
72368 -0.0013864 0.000819743 -0.00141037 6.3909 -1.39028 -6.89216
72400 -0.00152591 0.000799774 -0.00126215 6.41945 -1.34655 -6.90088
72432 -0.00158595 0.000661229 -0.0013264 6.44001 -1.29616 -6.91399
72464 -0.00191533 0.000201426 -0.00149735 6.45298 -1.24446 -6.92363
72720 -0.00145162 0.00121765 -0.00168019 6.24956 -1.436 -7.05152
72752 -0.00115593 0.000936855 -0.00171986 6.28371 -1.39595 -7.0652
72784 -0.00140863 0.000125123 -0.00183517 6.3083 -1.36145 -7.07536
72816 -0.000795226 0.000520267 -0.00190223 6.31981 -1.32625 -7.08198
72848 -0.000535052 0.000314506 -0.00151219 6.33895 -1.31021 -7.09084
72880 -0.000892127 0.000695094 -0.00127031 6.35458 -1.28682 -7.09723
72912 -0.00116327 0.0005069 -0.000544765 6.37183 -1.25521 -7.10459
72944 -0.00103606 0.000152396 -0.00148922 6.39545 -1.22607 -7.11622
72976 -0.0006231 0.000473916 4.65801e-06 6.40875 -1.20564 -7.12385
73232 -0.00125294 5.3643e-05 0.000846179 6.24191 -1.42913 -6.96883
73264 -0.00080163 0.000620369 1.8274e-05 6.25516 -1.39526 -6.97629
73296 -0.000763299 0.000411181 0.000249153 6.27419 -1.36911 -6.98772
73328 -0.000724604 0.000723816 -0.000288697 6.29721 -1.34241 -6.99277
73360 -0.000694782 0.000926919 -0.000297269 6.32486 -1.32196 -6.99819
73392 -0.000724931 0.000815171 -0.000246019 6.35287 -1.29747 -7.00521
73424 -0.000736784 0.000668872 -0.000181078 6.37557 -1.27682 -7.01121
73456 -0.000666213 0.000572295 -0.000341599 6.39455 -1.25532 -7.02344
73488 -0.000583803 0.000446465 0.00030584 6.41357 -1.24119 -7.02739
131088 -0.000227587 0.0012666 0.00127245 5.90459 -1.29712 -7.02744
131120 -0.000400414 0.00192112 0.0026091 5.93447 -1.28394 -7.03715
131152 -0.000333231 9.27501e-05 -0.000227067 5.97395 -1.27209 -7.0437
131184 -0.000353688 0.00227005 -0.000336543 6.00645 -1.26218 -7.04707
131216 -0.000319705 0.00129162 0.000817964 6.04781 -1.25443 -7.05251
131248 -6.713e-06 0.00087728 0.000902303 6.08909 -1.24421 -7.05258
131280 -0.000160645 0.00111259 -0.0012321 6.14211 -1.23867 -7.05862
131312 -0.000376971 0.00218642 -0.000123683 6.19477 -1.2357 -7.06406
131344 3.1779e-05 0.00207916 -0.00248862 6.25658 -1.24151 -7.06214
131600 7.5098e-05 0.00105606 0.00340544 5.83325 -1.33673 -7.00807
131632 0.00072264 0.00109223 0.00254738 5.85235 -1.35347 -7.0126
131664 -0.000177224 0.00149396 0.00181703 5.87836 -1.37253 -7.01998
131696 -0.000303685 0.00186159 -0.00023536 5.92355 -1.36763 -7.02156
131728 -0.000648234 0.00131855 0.000658342 5.97463 -1.36273 -7.02621
131760 -0.000415597 0.00181532 0.0007358 6.03752 -1.3416 -7.02745
131792 -0.00101378 0.00232637 0.000604512 6.10142 -1.32417 -7.02875
131824 -0.00101547 0.00216367 5.02996e-06 6.17426 -1.29708 -7.03293
131856 -0.00081967 0.00179309 -0.00201689 6.25518 -1.27026 -7.0294
132112 -0.000175482 0.00157586 0.00456396 5.80036 -1.3347 -6.96228
132144 0.00045797 0.00080945 0.00070819 5.85112 -1.32535 -6.97208
132176 -0.000327899 0.00229972 0.00146732 5.91064 -1.31948 -6.9735
132208 -0.000576074 0.0023362 0.00133833 5.96965 -1.30957 -6.97677
132240 -0.000141848 0.00177924 2.6088e-05 6.03548 -1.302 -6.97683
132272 -0.000588452 0.0017882 -0.000909185 6.09595 -1.29076 -6.98135
132304 -0.000777918 0.00209391 0.00105428 6.15902 -1.2801 -6.98306
132336 -0.000644307 0.00170206 -0.00135112 6.21863 -1.26429 -6.98445
132368 -0.000751407 0.00284799 -0.00396894 6.27651 -1.25651 -6.97985
132624 -0.00194306 0.00207987 0.0055691 5.78697 -1.38675 -6.93869
132656 -0.000764298 0.00146768 0.00163654 5.84191 -1.36608 -6.94748
132688 -0.00133219 0.00286082 0.00321966 5.90226 -1.35309 -6.949
132720 -0.00077541 0.00175894 9.0519e-05 5.96613 -1.33061 -6.9522
132752 -0.000803246 0.00185725 -7.4268e-05 6.03351 -1.30703 -6.95269
132784 -0.00113045 0.0017307 0.00110138 6.09269 -1.28093 -6.95343
132816 -0.00092799 0.00179344 -0.00127153 6.15971 -1.25412 -6.95366
132848 -0.000342493 0.00167071 -0.00240766 6.22668 -1.2306 -6.95842
132880 -0.00119975 0.00218061 -0.00303618 6.29159 -1.20879 -6.95146
133136 0.000950291 0.00142404 0.00213375 5.79884 -1.47326 -6.80722
133168 -2.1467e-05 0.0019359 0.00077813 5.8376 -1.47541 -6.81033
133200 -9.2431e-05 0.00232388 0.00109626 5.89055 -1.46576 -6.81017
133232 -0.00106138 0.00212662 -0.000286603 5.9463 -1.44038 -6.80855
133264 -0.00079325 0.00203658 0.00035324 6.01121 -1.40219 -6.80815
133296 -0.00207304 0.00278921 0.000510433 6.07229 -1.36227 -6.8094
133328 -0.00246739 0.0025473 0.00120955 6.13894 -1.32338 -6.80653
133360 -0.00233875 0.00218407 -0.000151728 6.20234 -1.26596 -6.80995
133392 -0.00188314 0.00391612 4.866e-05 6.2711 -1.20022 -6.80625
133648 -0.0002673 -0.000119449 -0.0072153 6.00859 -1.25732 -6.30059
133680 -0.00096717 0.00076698 -0.00723043 6.00822 -1.24747 -6.30099
133712 0.00054907 0.00033255 -0.00717116 6.02493 -1.24333 -6.30317
133744 -6.06e-06 0.00066783 -0.0082625 6.04652 -1.24696 -6.30637
133776 -5.773e-05 0.00150723 -0.0077872 6.07898 -1.24636 -6.3099
133808 0.000565794 0.00160354 -0.0092102 6.11552 -1.26694 -6.31417
133840 0.000459997 0.000864731 -0.00613688 6.14706 -1.28188 -6.31726
133872 0.00011789 0.000396059 -0.00816805 6.16606 -1.2773 -6.31974
133904 -0.00059476 0.00054273 -0.0060605 6.18537 -1.2643 -6.3197
134160 -0.00143938 -0.0011843 -0.0094504 6.01059 -1.15495 -6.34102
134192 -3.793e-05 -0.000230464 -0.0099971 5.994 -1.14629 -6.34137
134224 9.59558e-05 0.0008044 -0.0090814 5.99155 -1.13375 -6.34571
134256 -0.0001272 0.000413896 -0.0103087 6.00303 -1.12873 -6.34601
134288 -5.7317e-05 0.00115028 -0.009162 6.02544 -1.12445 -6.34926
134320 -0.00017738 0.00081245 -0.008579 6.05631 -1.12321 -6.34724
134352 0.000269844 0.00098709 -0.0092984 6.08608 -1.12704 -6.34419
134384 -3.587e-05 0.00105811 -0.0094623 6.11182 -1.13468 -6.35245
134416 0.00079939 0.00118644 -0.00687103 6.14539 -1.15596 -6.34846
134672 0.00037699 0.000276895 -0.0084803 5.97278 -0.994052 -6.30802
134704 -0.00065762 1.78201e-06 -0.0084575 5.97045 -0.988344 -6.30413
134736 0.000149449 0.000130177 -0.0072644 5.9641 -0.977333 -6.30387
134768 -5.81995e-06 -4.656e-05 -0.0080103 5.96852 -0.976931 -6.30528
134800 0.00034489 0.00017862 -0.0069972 5.98124 -0.98327 -6.30467
134832 0.000835026 0.00114098 -0.0088541 5.99811 -0.998777 -6.302
134864 0.00060254 0.000673522 -0.007734 6.02554 -1.01882 -6.29867
134896 0.00155825 0.00158728 -0.0079782 6.05504 -1.04134 -6.30196
134928 0.00133547 0.00117057 -0.0065219 6.07984 -1.06587 -6.29964
135184 0.000663911 0.00012199 -0.0079604 5.81742 -0.938572 -6.31153
135216 3.8235e-05 -0.00173182 -0.0078616 5.7997 -0.952591 -6.30862
135248 0.000223962 -0.00045497 -0.0066532 5.7633 -0.955494 -6.30515
135280 0.000711188 0.0005531 -0.0063431 5.7529 -0.966034 -6.31242
135312 0.00101867 0.00211128 -0.0056553 5.8015 -0.99003 -6.311
135344 0.0007688 0.0013745 -0.0058077 5.84355 -1.01858 -6.30957
135376 0.00139756 0.00173913 -0.0051829 5.88655 -1.04804 -6.30839
135408 0.00170794 0.00176188 -0.0047162 5.93242 -1.08214 -6.30744
135440 0.00212984 0.0025004 -0.00388472 5.9718 -1.11283 -6.31576
135696 0.000352384 -0.00140951 -0.0086762 5.72822 -0.932268 -6.31802
135728 3.513e-05 -0.0002627 -0.00680992 5.71044 -0.948793 -6.31345
135760 0.00041248 0.00067895 -0.0070352 5.70877 -0.958362 -6.31622
135792 0.000372696 0.00123124 -0.0078501 5.72549 -0.97066 -6.31983
135824 0.000482244 0.00064466 -0.00578046 5.75095 -0.978277 -6.32055
135856 0.00019551 0.00105887 -0.00672854 5.78579 -0.992086 -6.32084
135888 0.000473465 0.0013281 -0.0061066 5.82504 -1.00389 -6.32391
135920 0.00016774 0.00152443 -0.00364152 5.87696 -1.0181 -6.32098
135952 -0.000146702 0.00312256 -0.0046575 5.93527 -1.02777 -6.32457
136208 0.00155031 -0.0010583 -0.00199102 5.66103 -0.947116 -6.30171
136240 0.00066255 0.00014156 -0.0034657 5.66892 -0.975054 -6.30249
136272 0.00091527 0.00100454 -0.0039567 5.68758 -0.994249 -6.30906
136304 0.00064692 0.00025524 -0.0050091 5.71267 -1.01506 -6.31485
136336 0.000596081 0.00123891 -0.0046375 5.74263 -1.02635 -6.32074
136368 0.000241259 0.00157962 -0.0038197 5.77771 -1.03838 -6.32411
136400 0.00063548 0.00140362 -0.0032514 5.82057 -1.04114 -6.32767
136432 -3.668e-05 0.00215147 -0.0048466 5.86722 -1.04169 -6.33399
136464 -0.000588745 0.00164064 -0.00245217 5.92047 -1.0262 -6.34153
136720 -0.00132758 0.00088286 -0.0020222 5.65796 -1.00513 -6.29958
136752 0.00085096 -0.00064519 -0.0019666 5.66923 -1.01411 -6.30572
136784 3.94571e-05 0.00088305 2.653e-05 5.671 -1.0355 -6.31447
136816 -0.00057174 0.00126533 0.0003531 5.70202 -1.03066 -6.32355
136848 0.00031811 0.00103013 -0.0005107 5.73114 -1.02669 -6.33061
136880 -4.998e-05 0.0012076 0.00075197 5.76625 -1.02637 -6.33891
136912 -0.0003264 0.00162842 -0.00031274 5.80758 -1.02896 -6.34383
136944 -3.124e-05 0.00178355 0.00206067 5.8577 -1.03078 -6.35252
136976 0.00020029 0.00109189 0.00049394 5.90538 -1.03435 -6.36196
137232 -0.00049382 0.0006004 -0.0011781 5.68398 -0.971959 -6.27574
137264 0.000658096 -0.00010682 -0.0015901 5.70528 -0.971953 -6.27539
137296 3.7e-05 0.00141112 -0.0015146 5.73329 -0.970728 -6.28323
137328 -0.00080115 0.00131896 -0.0025993 5.77197 -0.962863 -6.29302
137360 0.000286043 0.00087534 -0.0016781 5.80872 -0.958195 -6.30096
137392 0.000481907 0.00110516 -0.0022848 5.84295 -0.965775 -6.30664
137424 0.000662654 0.00073838 -0.0018081 5.8703 -0.977584 -6.31424
137456 0.000589438 0.00053796 -0.00261241 5.89605 -0.996494 -6.32118
137488 0.00096624 0.00048255 -0.00458684 5.91706 -1.01206 -6.33447
137744 -0.00113738 0.00115761 -0.0039759 5.6391 -0.909443 -6.22536
137776 1.952e-05 0.00013198 -0.00273657 5.67901 -0.877583 -6.23068
137808 -0.000341272 0.00181619 -0.0059922 5.71115 -0.875547 -6.24069
137840 -3.0796e-05 0.00125383 -0.0043979 5.74883 -0.884483 -6.25689
137872 0.00023701 0.00150563 -0.0048514 5.78641 -0.889797 -6.27152
137904 0.000460667 0.00116291 -0.0063965 5.82447 -0.902392 -6.28056
137936 0.00060076 0.00126649 -0.00486259 5.85533 -0.925844 -6.28705
137968 0.00207503 9.132e-05 -0.0071087 5.88408 -0.965285 -6.29573
138000 0.00196745 0.00037735 -0.00536363 5.91155 -1.00875 -6.31159
138256 0.00063148 0.00159446 -0.0033522 5.59551 -0.883832 -6.24352
138288 -0.00025184 0.0001932 -0.00376012 5.61856 -0.895355 -6.25516
138320 0.00031147 0.00091175 -0.004853 5.64089 -0.899085 -6.27206
138352 0.000492405 0.00113392 -0.00501148 5.66761 -0.906555 -6.28525
138384 2.471e-05 0.00136895 -0.00368697 5.70181 -0.914937 -6.29775
138416 0.00121897 0.00179213 -0.00452354 5.74577 -0.933519 -6.30596
138448 0.00114895 0.00141536 -0.0050954 5.78829 -0.967242 -6.31447
138480 0.0025342 0.00127683 -0.0060638 5.83083 -1.01595 -6.32946
138512 0.00170917 0.0019685 -0.0064394 5.87264 -1.06871 -6.33904
138768 -0.000107236 0.00128036 -0.00193457 5.89487 -1.18022 -6.71334
138800 -0.000326421 0.00105847 -0.00360054 5.9291 -1.15865 -6.7318
138832 -0.00128201 0.00091022 -0.00441092 5.96139 -1.1289 -6.74468
138864 -0.0011279 0.00118631 -0.00429628 6.00285 -1.09467 -6.75617
138896 -0.00163486 0.00140063 -0.00500348 6.04618 -1.05767 -6.76776
138928 -0.00131702 0.00080788 -0.00441059 6.08764 -1.02229 -6.77593
138960 -0.00090252 0.0006877 -0.00426841 6.12448 -1.0036 -6.78352
138992 0.000732546 0.00179592 -0.0048199 6.16367 -1.00568 -6.79856
139024 0.00096751 0.00192538 -0.00388415 6.21382 -1.02902 -6.8046
139280 0.000468018 0.00160063 -0.00199784 5.89798 -1.2738 -6.87952
139312 -0.000154221 0.00171126 -0.00184661 5.94604 -1.26842 -6.89948
139344 -0.00094066 0.00087467 -0.00123525 5.98079 -1.25865 -6.90667
139376 -0.000715616 0.0009113 -0.00107092 6.01483 -1.23465 -6.9168
139408 -0.000863992 0.0011781 -0.00102502 6.04456 -1.21029 -6.92964
139440 -0.000976004 0.00089699 -0.0001486 6.08115 -1.18704 -6.93682
139472 -0.00155902 0.00043813 -0.00104652 6.11539 -1.16148 -6.94344
139504 0.000662649 0.0016747 -0.000947082 6.15779 -1.14356 -6.95547
139536 -0.000738399 0.00165054 0.000580549 6.20388 -1.13303 -6.96172
139792 -0.00149524 0.00037372 -0.00159074 5.90995 -1.2628 -6.91303
139824 -0.000215208 0.00180632 0.000541274 5.96212 -1.25342 -6.93228
139856 -0.000164703 0.00124256 0.000400059 6.00736 -1.25268 -6.94138
139888 -0.00027746 0.00111866 0.000210247 6.04533 -1.23779 -6.95203
139920 -0.000412473 0.00111592 0.000859041 6.07861 -1.22243 -6.96048
139952 -0.000922946 0.00053703 -0.000849999 6.1138 -1.2024 -6.96982
139984 0.000384879 0.00176147 0.000352143 6.14777 -1.18839 -6.97636
140016 -0.000164936 0.00135106 0.000916902 6.17676 -1.17652 -6.98921
140048 -0.000793495 0.000835211 0.00041689 6.21479 -1.17678 -6.99322
140304 -0.00060509 0.000643867 0.000164475 5.93112 -1.27876 -6.98479
140336 -0.000537731 0.0010531 -0.000953383 5.96003 -1.26675 -7.00614
140368 -0.000998607 0.000677613 -0.0001323 5.98411 -1.25754 -7.01876
140400 -0.000640264 0.00037698 -9.9167e-05 6.01499 -1.24006 -7.0256
140432 -0.000928024 0.00114999 -0.000525162 6.03818 -1.22262 -7.03572
140464 -0.000715804 0.00126315 -0.000146985 6.06312 -1.20422 -7.03861
140496 -0.000943369 0.00115604 0.00106075 6.09888 -1.19096 -7.04328
140528 -0.000421113 0.00143302 -0.0023812 6.13196 -1.18242 -7.05203
140560 0.000308624 0.00232431 -0.00067153 6.19668 -1.18287 -7.05395
140816 0.000718595 0.00136003 -0.00237492 5.91288 -1.27894 -7.05036
140848 9.8989e-05 0.000167378 0.00011886 5.94501 -1.27916 -7.05406
140880 -0.000205296 0.00061759 -0.00187281 5.98334 -1.28185 -7.06778
140912 0.000219511 0.00108878 -0.00267778 6.02035 -1.27411 -7.07175
140944 -0.000132047 0.00109188 -0.00035248 6.05428 -1.26898 -7.07362
140976 -9.3234e-05 0.00135705 -0.00129917 6.09153 -1.26232 -7.08289
141008 0.000126951 0.00146985 -1.2645e-05 6.12813 -1.25123 -7.08646
141040 -0.000564605 0.00136419 0.00030925 6.17166 -1.24739 -7.08861
141072 0.000457764 0.00225394 0.000761895 6.2267 -1.24333 -7.09377
16974336 0 0 0 -1.47912 0.0162884 -0.358507
16975360 0 0 0 -1.37404 -0.373466 -0.033344
16976384 0 0 0 -1.7202 -0.994669 -0.11747
16977408 0 0 0 -0.993473 -1.42989 -0.279994
16978432 0 0 0 1.02058 -1.69732 -0.650643
16979456 0 0 0 1.38848 -1.00178 -0.481203
16980480 0 0 0 1.38026 -0.845565 -0.437255
16981504 0 0 0 2.2822 -0.244029 -0.387474
16982528 0 0 0 2.17739 0.213263 -0.323144
16983552 0 0 0 1.99251 1.29166 -0.213421
16984576 0 0 0 -0.382191 0.212896 -0.619663
16985600 0 0 0 -0.837034 0.250558 -0.448873
16990720 0 0 0 -1.17444 0.037491 -0.358507
16991744 0 0 0 -1.06582 -0.255273 -0.033344
16992768 0 0 0 -1.46833 -0.839414 -0.11747
16993792 0 0 0 -0.738599 -1.1573 -0.279994
16994816 0 0 0 1.12714 -1.46665 -0.650643
16995840 0 0 0 1.47859 -0.966944 -0.481203
16996864 0 0 0 1.67652 -0.938417 -0.437255
16997888 0 0 0 2.46708 -0.311163 -0.387474
16998912 0 0 0 2.41649 0.171994 -0.323144
16999936 0 0 0 2.14244 0.99521 -0.213421
17000960 0 0 0 -0.119514 0.131564 -0.619663
17001984 0 0 0 -0.721861 0.401102 -0.448873
17007104 0 0 0 -1.58823 -0.0785916 -0.358507
17008128 0 0 0 -1.65099 -0.512299 -0.033344
17009152 0 0 0 -1.81202 -1.03764 -0.11747
17010176 0 0 0 -1.18134 -1.44021 -0.279994
17011200 0 0 0 0.890112 -1.70524 -0.650643
17012224 0 0 0 1.29426 -1.01567 -0.481203
17013248 0 0 0 1.11788 -0.739255 -0.437255
17014272 0 0 0 1.91802 -0.200049 -0.387474
17015296 0 0 0 1.89731 0.339166 -0.323144
17016320 0 0 0 1.72045 1.40164 -0.213421
17017344 0 0 0 -0.760539 0.596733 -0.619663
17018368 0 0 0 -1.05448 0.166187 -0.448873
17023488 0 0 0 -1.56949 -0.202609 -0.358507
17024512 0 0 0 -1.81846 -0.651143 -0.033344
17025536 0 0 0 -1.80185 -1.00827 -0.11747
17026560 0 0 0 -1.32815 -1.44502 -0.279994
17027584 0 0 0 0.784078 -1.65205 -0.650643
17028608 0 0 0 1.2311 -1.03555 -0.481203
17029632 0 0 0 0.88994 -0.702848 -0.437255
17030656 0 0 0 1.40592 -0.221096 -0.387474
17031680 0 0 0 1.77332 0.523372 -0.323144
17032704 0 0 0 1.50163 1.32514 -0.213421
17033728 0 0 0 -0.771421 0.191884 -0.619663
17034752 0 0 0 -1.2077 0.065361 -0.448873
17039872 0 0 0 -2.04795 -0.208732 -0.069283
17040896 0 0 0 -1.55024 -0.554404 -0.0093832
17041920 0 0 0 -1.2502 -1.06538 -0.106241
17042944 0 0 0 -0.886084 -1.96575 -0.390068
17043968 0 0 0 1.14374 -1.41631 -0.50255
17044992 0 0 0 2.06861 -1.23968 -0.408606
17046016 0 0 0 2.03075 -0.484381 -0.417454
17047040 0 0 0 2.3767 0.107469 -0.650234
17048064 0 0 0 2.25266 0.805656 -0.211014
17049088 0 0 0 1.65514 1.24919 -0.011546
17050112 0 0 0 -0.761908 0.557076 -0.579373
17051136 0 0 0 -1.09744 0.0151302 -0.544494
17056256 0 0 0 -1.82432 -0.080083 -0.069283
17057280 0 0 0 -1.35894 -0.47324 -0.0093832
17058304 0 0 0 -1.00157 -0.83796 -0.106241
17059328 0 0 0 -0.648185 -1.49467 -0.390068
17060352 0 0 0 1.27603 -1.39908 -0.50255
17061376 0 0 0 2.11558 -1.20607 -0.408606
17062400 0 0 0 2.2667 -0.546535 -0.417454
17063424 0 0 0 2.57829 0.012182 -0.650234
17064448 0 0 0 2.498 0.78632 -0.211014
17065472 0 0 0 1.91367 1.13538 -0.011546
17066496 0 0 0 -0.48467 0.513816 -0.579373
17067520 0 0 0 -0.756963 0.0311531 -0.544494
17072640 0 0 0 -2.06332 -0.331831 -0.069283
17073664 0 0 0 -1.67305 -0.657671 -0.0093832
17074688 0 0 0 -1.46521 -1.23924 -0.106241
17075712 0 0 0 -1.03812 -2.04833 -0.390068
17076736 0 0 0 1.03027 -1.37172 -0.50255
17077760 0 0 0 1.85216 -1.17802 -0.408606
17078784 0 0 0 1.7399 -0.395238 -0.417454
17079808 0 0 0 2.32233 0.071116 -0.650234
17080832 0 0 0 1.9116 0.772102 -0.211014
17081856 0 0 0 1.39218 1.28386 -0.011546
17082880 0 0 0 -0.982237 0.445468 -0.579373
17083904 0 0 0 -1.43749 0.065008 -0.544494
17089024 0 0 0 -2.03598 -0.440902 -0.069283
17090048 0 0 0 -1.69585 -0.69664 -0.0093832
17091072 0 0 0 -1.61239 -1.2711 -0.106241
17092096 0 0 0 -1.14677 -1.95777 -0.390068
17093120 0 0 0 0.90418 -1.3978 -0.50255
17094144 0 0 0 1.54682 -1.08259 -0.408606
17095168 0 0 0 1.48449 -0.36437 -0.417454
17096192 0 0 0 2.32233 0.071116 -0.650234
17097216 0 0 0 1.60593 0.683579 -0.211014
17098240 0 0 0 1.20518 1.17334 -0.011546
17099264 0 0 0 -1.09809 0.283254 -0.579373
17100288 0 0 0 -1.48434 -0.060947 -0.544494
17105408 0 0 0 -0.536788 -0.122765 -0.267466
17106432 0 0 0 -1.56466 0.160512 -0.104618
17107456 0 0 0 -1.6086 -0.239577 0.08762
17108480 0 0 0 -1.34432 -0.378165 -0.123165
17109504 0 0 0 -1.18756 -1.32641 -0.185361
17110528 0 0 0 0.887078 -1.32033 -0.8473
17111552 0 0 0 1.28583 -1.46039 -0.723238
17112576 0 0 0 1.90211 -1.09534 -0.602761
17113600 0 0 0 1.94215 -0.850292 -0.439951
17114624 0 0 0 1.88077 -0.48091 -0.649047
17115648 0 0 0 2.85392 0.35411 -0.237075
17116672 0 0 0 2.39456 0.71147 -0.132595
17117696 0 0 0 2.18435 0.95491 -0.159794
17118720 0 0 0 1.63307 -5.05267 0.0173
17119744 0 0 0 -0.85749 0.83298 -0.532714
17120768 0 0 0 -0.81907 0.18322 -0.382986
17121792 0 0 0 0.021728 -0.299635 -0.267466
17122816 0 0 0 -1.37763 0.171669 -0.104618
17123840 0 0 0 -1.62283 -0.320895 0.08762
17124864 0 0 0 -1.29579 -0.581559 -0.123165
17125888 0 0 0 -1.09281 -1.65771 -0.185361
17126912 0 0 0 1.08928 -1.58778 -0.8473
17127936 0 0 0 1.48946 -1.5873 -0.723238
17128960 0 0 0 1.98929 -1.23394 -0.602761
17129984 0 0 0 1.7972 -0.820032 -0.439951
17131008 0 0 0 1.78826 -0.6054 -0.649047
17132032 0 0 0 2.89985 0.25877 -0.237075
17133056 0 0 0 2.4572 0.54502 -0.132595
17134080 0 0 0 2.28428 0.1757 -0.159794
17135104 0 0 0 3.51927 -2.26939 0.0173
17136128 0 0 0 -0.44925 0.519202 -0.532714
17137152 0 0 0 -0.54506 0.15278 -0.382986
17138176 0 0 0 -1.12238 0.058755 -0.267466
17139200 0 0 0 -1.42288 0.185215 -0.104618
17140224 0 0 0 -1.45091 -0.054475 0.08762
17141248 0 0 0 -1.65682 -0.448619 -0.123165
17142272 0 0 0 -1.40918 -1.43924 -0.185361
17143296 0 0 0 -1.16058 1.51033 -0.8473
17144320 0 0 0 1.25428 -1.58172 -0.723238
17145344 0 0 0 1.59784 -1.02425 -0.602761
17146368 0 0 0 1.70957 -0.817192 -0.439951
17147392 0 0 0 1.81443 -0.36359 -0.649047
17148416 0 0 0 1.70171 -0.356513 -0.237075
17149440 0 0 0 2.08951 0.57222 -0.132595
17150464 0 0 0 1.9083 1.27519 -0.159794
17151488 0 0 0 0.280873 -5.72916 0.0173
17152512 0 0 0 -1.12727 0.87382 -0.532714
17153536 0 0 0 -1.40427 0.45226 -0.382986
17154560 0 0 0 -1.24912 0.026825 -0.267466
17155584 0 0 0 -1.3247 0.164511 -0.104618
17156608 0 0 0 -1.32636 0.042086 0.08762
17157632 0 0 0 -1.78069 -0.405204 -0.123165
17158656 0 0 0 -1.48413 -1.08285 -0.185361
17159680 0 0 0 0.852448 -1.3127 -0.8473
17160704 0 0 0 1.22073 -1.65771 -0.723238
17161728 0 0 0 1.39199 -1.01117 -0.602761
17162752 0 0 0 1.20077 -0.691732 -0.439951
17163776 0 0 0 1.72015 -0.30214 -0.649047
17164800 0 0 0 1.56959 -0.215485 -0.237075
17165824 0 0 0 1.77011 0.32471 -0.132595
17166848 0 0 0 1.55164 0.88884 -0.159794
17167872 0 0 0 1.4739 -4.98474 0.0173
17168896 0 0 0 -1.30946 0.95517 -0.532714
17169920 0 0 0 -1.48054 0.39704 -0.382986
17170944 0 0 0 -2.80547 -0.066625 0.449746
17171968 0 0 0 -1.45933 -0.194362 -0.277969
17172992 0 0 0 -1.9252 -0.70448 -0.917406
17174016 0 0 0 -1.67329 -1.64127 -0.154626
17175040 0 0 0 -0.945152 -0.97328 -0.418918
17176064 0 0 0 1.84393 -2.90379 -0.321287
17177088 0 0 0 1.65638 -1.50331 -0.746068
17178112 0 0 0 1.59291 -0.91231 -0.635052
17179136 0 0 0 2.65117 -0.50983 -0.56443
17180160 0 0 0 2.62297 -0.11207 -0.848385
17181184 0 0 0 2.80103 0.505332 -0.261795
17182208 0 0 0 3.04595 2.19055 -0.0277501
17183232 0 0 0 1.96733 1.84582 -0.57592
17184256 0 0 0 -0.58811 0.707012 -0.838689
17185280 0 0 0 -1.32497 0.70599 -0.596796
17186304 0 0 0 -2.55101 0.6388 -0.318902
17187328 0 0 0 -2.90797 -0.191162 0.449746
17188352 0 0 0 -1.01351 -0.050095 -0.277969
17189376 0 0 0 -1.61596 -0.47802 -0.917406
17190400 0 0 0 -1.32758 -1.05866 -0.154626
17191424 0 0 0 -0.736557 -0.47371 -0.418918
17192448 0 0 0 1.87592 -2.68679 -0.321287
17193472 0 0 0 1.23377 -1.04052 -0.746068
17194496 0 0 0 1.01992 -0.665554 -0.635052
17195520 0 0 0 2.96444 -0.49346 -0.56443
17196544 0 0 0 2.35509 -0.396509 -0.848385
17197568 0 0 0 2.76724 0.282872 -0.261795
17198592 0 0 0 3.09795 1.77026 -0.0277501
17199616 0 0 0 2.12283 1.65404 -0.57592
17200640 0 0 0 -0.35575 0.501022 -0.838689
17201664 0 0 0 -1.06965 0.6291 -0.596796
17202688 0 0 0 -2.28903 0.56781 -0.318902
17203712 0 0 0 -1.23147 0.174367 0.449746
17204736 0 0 0 -1.98109 -0.343621 -0.277969
17205760 0 0 0 -1.79724 -0.59104 -0.917406
17206784 0 0 0 -1.77792 -1.50613 -0.154626
17207808 0 0 0 -1.20862 -1.48092 -0.418918
17208832 0 0 0 1.62626 -2.76172 -0.321287
17209856 0 0 0 1.46359 -1.44486 -0.746068
17210880 0 0 0 1.62613 -0.94364 -0.635052
17211904 0 0 0 2.38279 -0.43372 -0.56443
17212928 0 0 0 2.79555 -0.0633 -0.848385
17213952 0 0 0 2.53685 0.506162 -0.261795
17214976 0 0 0 2.61896 1.95093 -0.0277501
17216000 0 0 0 1.97695 2.14491 -0.57592
17217024 0 0 0 -0.93311 0.971962 -0.838689
17218048 0 0 0 -1.49661 0.57314 -0.596796
17219072 0 0 0 -2.74182 0.66588 -0.318902
17220096 0 0 0 -0.728572 0.199577 0.449746
17221120 0 0 0 -2.03969 -0.375205 -0.277969
17222144 0 0 0 -1.79724 -0.59104 -0.917406
17223168 0 0 0 -1.66608 -0.94534 -0.154626
17224192 0 0 0 -1.39905 -1.8234 -0.418918
17225216 0 0 0 1.36863 -2.32987 -0.321287
17226240 0 0 0 1.07097 -1.13884 -0.746068
17227264 0 0 0 1.38026 -0.84668 -0.635052
17228288 0 0 0 1.72993 -0.41204 -0.56443
17229312 0 0 0 2.79555 -0.0633 -0.848385
17230336 0 0 0 2.55645 0.763422 -0.261795
17231360 0 0 0 2.01078 1.01325 -0.0277501
17232384 0 0 0 1.97695 2.14491 -0.57592
17233408 0 0 0 -0.99451 0.689862 -0.838689
17234432 0 0 0 -1.28535 0.17565 -0.596796
17235456 0 0 0 -2.92518 0.71034 -0.318902
34013184 0 0 0 0.0290358 0.0503023 0 0 0 0.00956358
34078720 0 0 0 0.016331 0.0282895 0 0 0 0.00956358
34144256 0 0 0 0.0130235 0.0225594 0 0 0 0.00956358
34209792 0 0 0 0.035544 0.0615793 0 0 0 0.00956358
34275328 0 0 0 0.0227406 0.039394 0 0 0 0.00956358
34340864 0 0 0 0.0606242 0.105047 0 0 0 0.00956358
34406400 0 0 0 0.0505186 0.0875302 0 0 0 0.00956358
34471936 0 0 0 0.0454818 0.0788001 0 0 0 0.00956358
34537472 0 0 0 -0.0422105 -0.073091 0 0 0 0.00956358
34603008 0 0 0 0.034261 0.0593547 0 0 0 0.00956358
34668544 0 0 0 0.0514593 0.0891588 0 0 0 0.00956358
34734080 0 0 0 0.0836776 0.145008 0 0 0 0.00956358
34799616 0 0 0 0.0403494 0.0699043 0 0 0 0.00956358
34865152 0 0 0 0.038886 0.0673682 0 0 0 0.00956358
34930688 0 0 0 -0.0243046 -0.0420908 0 0 0 0.00956358
34996224 0 0 0 -0.0919093 -0.159107 0 0 0 0.00956358
35061760 0 0 0 -0.252411 -0.436578 0 0 0 0.00847737
35127296 0 0 0 -0.175739 -0.3041 0 0 0 0.00847737
35192832 0 0 0 -0.169623 -0.293533 0 0 0 0.00847737
35258368 0 0 0 -0.113071 -0.195731 0 0 0 0.00847737
35323904 0 0 0 -0.0579261 -0.100302 0 0 0 0.00847737
35389440 0 0 0 -0.0468962 -0.0812078 0 0 0 0.00847737
35454976 0 0 0 0.00337595 0.0058474 0 0 0 0.00847737
35520512 0 0 0 0.0693866 0.120221 0 0 0 0.00847737
35586048 0 0 0 -0.0232407 -0.0402498 0 0 0 0.00847737
35651584 0 0 0 0.00715825 0.0123989 0 0 0 0.00847737
35717120 0 0 0 0.0768213 0.133104 0 0 0 0.00847737
35782656 0 0 0 0.0455755 0.0789548 0 0 0 0.00847737
35848192 0 0 0 0.054394 0.0942351 0 0 0 0.00847737
35913728 0 0 0 0.103433 0.179228 0 0 0 0.00847737
35979264 0 0 0 0.0726219 0.125822 0 0 0 0.00847737
36044800 0 0 0 0.227751 0.394841 0 0 0 0.00847737
36110336 0 0 0 0.0376574 0.0652342 0 0 0 0.00737498
36175872 0 0 0 -0.00832541 -0.0144196 0 0 0 0.00737498
36241408 0 0 0 -0.0530692 -0.0919001 0 0 0 0.00737498
36306944 0 0 0 -0.0375183 -0.0649745 0 0 0 0.00737498
36372480 0 0 0 -0.0126377 -0.0218881 0 0 0 0.00737498
36438016 0 0 0 -0.0255863 -0.0443127 0 0 0 0.00737498
36503552 0 0 0 -0.0694377 -0.12024 0 0 0 0.00737498
36569088 0 0 0 0.107704 0.186618 0 0 0 0.00737498
36634624 0 0 0 0.00947496 0.0164116 0 0 0 0.00737498
36700160 0 0 0 -0.0075764 -0.0131224 0 0 0 0.00737498
36765696 0 0 0 0.0589778 0.102172 0 0 0 0.00737498
36831232 0 0 0 -0.00720663 -0.012482 0 0 0 0.00737498
36896768 0 0 0 -0.0833424 -0.144315 0 0 0 0.00737498
36962304 0 0 0 -0.0314528 -0.0544725 0 0 0 0.00737498
37027840 0 0 0 -0.0958472 -0.165963 0 0 0 0.00737498
37093376 0 0 0 0.0349472 0.0605369 0 0 0 0.00737498
34013440 0 0 0 -0.251119 -0.144829 0 0 0 0.0141835
34078976 0 0 0 -0.227267 -0.131088 0 0 0 0.0141835
34144512 0 0 0 -0.215971 -0.124581 0 0 0 0.0141835
34210048 0 0 0 -0.140987 -0.0813525 0 0 0 0.0141835
34275584 0 0 0 -0.172119 -0.0993049 0 0 0 0.0141835
34341120 0 0 0 -0.0576059 -0.0332513 0 0 0 0.0141835
34406656 0 0 0 0.0191287 0.0110448 0 0 0 0.0141835
34472192 0 0 0 0.0118431 0.00683791 0 0 0 0.0141835
34537728 0 0 0 -0.0489689 -0.028267 0 0 0 0.0141835
34603264 0 0 0 0.0677332 0.0391154 0 0 0 0.0141835
34668800 0 0 0 0.16416 0.094834 0 0 0 0.0141835
34734336 0 0 0 0.302553 0.174866 0 0 0 0.0141835
34799872 0 0 0 0.274707 0.158754 0 0 0 0.0141835
34865408 0 0 0 0.374692 0.216607 0 0 0 0.0141835
34930944 0 0 0 0.364386 0.210638 0 0 0 0.0141835
34996480 0 0 0 0.411288 0.237783 0 0 0 0.0141835
35062016 0 0 0 -0.210716 -0.121575 0 0 0 0.0106267
35127552 0 0 0 -0.239676 -0.138273 0 0 0 0.0106267
35193088 0 0 0 -0.276259 -0.159364 0 0 0 0.0106267
35258624 0 0 0 -0.189616 -0.109413 0 0 0 0.0106267
35324160 0 0 0 -0.100115 -0.0577847 0 0 0 0.0106267
35389696 0 0 0 -0.148739 -0.0858382 0 0 0 0.0106267
35455232 0 0 0 -0.0795816 -0.0459362 0 0 0 0.0106267
35520768 0 0 0 0.0311098 0.0179628 0 0 0 0.0106267
35586304 0 0 0 0.0361242 0.0208583 0 0 0 0.0106267
35651840 0 0 0 0.15215 0.0878788 0 0 0 0.0106267
35717376 0 0 0 0.226016 0.130567 0 0 0 0.0106267
35782912 0 0 0 0.142139 0.0820936 0 0 0 0.0106267
35848448 0 0 0 0.222518 0.128542 0 0 0 0.0106267
35913984 0 0 0 0.248175 0.14337 0 0 0 0.0106267
35979520 0 0 0 0.239223 0.138194 0 0 0 0.0106267
36045056 0 0 0 0.576517 0.333302 0 0 0 0.0106267
36110592 0 0 0 -0.318954 -0.184015 0 0 0 0.00805566
36176128 0 0 0 -0.381942 -0.220327 0 0 0 0.00805566
36241664 0 0 0 -0.363696 -0.209814 0 0 0 0.00805566
36307200 0 0 0 -0.344368 -0.198674 0 0 0 0.00805566
36372736 0 0 0 -0.248597 -0.143452 0 0 0 0.00805566
36438272 0 0 0 -0.25496 -0.147123 0 0 0 0.00805566
36503808 0 0 0 -0.24261 -0.140002 0 0 0 0.00805566
36569344 0 0 0 0.0551884 0.0318666 0 0 0 0.00805566
36634880 0 0 0 -0.0543017 -0.0313477 0 0 0 0.00805566
36700416 0 0 0 -0.0672706 -0.0388336 0 0 0 0.00805566
36765952 0 0 0 0.0624641 0.0360679 0 0 0 0.00805566
36831488 0 0 0 0.105234 0.0607691 0 0 0 0.00805566
36897024 0 0 0 0.0434874 0.0251095 0 0 0 0.00805566
36962560 0 0 0 0.105705 0.0610408 0 0 0 0.00805566
37028096 0 0 0 0.172473 0.0996081 0 0 0 0.00805566
37093632 0 0 0 0.326246 0.188467 0 0 0 0.00805566
34013696 0 0 0 -0.384353 0.000235454 0 0 0 0.0104303
34079232 0 0 0 -0.27774 0.00012075 0 0 0 0.0104303
34144768 0 0 0 -0.230786 8.19079e-05 0 0 0 0.0104303
34210304 0 0 0 -0.155783 3.66765e-05 0 0 0 0.0104303
34275840 0 0 0 -0.160535 3.82863e-05 0 0 0 0.0104303
34341376 0 0 0 -0.0215596 6.79497e-07 0 0 0 0.0104303
34406912 0 0 0 0.0458761 3.0223e-06 0 0 0 0.0104303
34472448 0 0 0 0.0250322 8.84973e-07 0 0 0 0.0104303
34537984 0 0 0 0.0145963 2.95941e-07 0 0 0 0.0104303
34603520 0 0 0 0.166731 3.8056e-05 0 0 0 0.0104303
34669056 0 0 0 0.257943 8.96818e-05 0 0 0 0.0104303
34734592 0 0 0 0.405541 0.000218319 0 0 0 0.0104303
34800128 0 0 0 0.339267 0.000150506 0 0 0 0.0104303
34865664 0 0 0 0.451724 0.000262891 0 0 0 0.0104303
34931200 0 0 0 0.527129 0.000352786 0 0 0 0.0104303
34996736 0 0 0 0.552048 0.000381389 0 0 0 0.0104303
35062272 0 0 0 -0.609109 0.000445315 0 0 0 0.00634352
35127808 0 0 0 -0.645694 0.000488447 0 0 0 0.00634352
35193344 0 0 0 -0.423418 0.000205139 0 0 0 0.00634352
35258880 0 0 0 -0.372275 0.000154958 0 0 0 0.00634352
35324416 0 0 0 -0.280755 8.6169e-05 0 0 0 0.00634352
35389952 0 0 0 -0.27073 7.83765e-05 0 0 0 0.00634352
35455488 0 0 0 -0.134655 1.89769e-05 0 0 0 0.00634352
35521024 0 0 0 0.0283332 8.21684e-07 0 0 0 0.00634352
35586560 0 0 0 0.0511544 2.62461e-06 0 0 0 0.00634352
35652096 0 0 0 0.223129 4.89528e-05 0 0 0 0.00634352
35717632 0 0 0 0.286836 7.9307e-05 0 0 0 0.00634352
35783168 0 0 0 0.244881 5.6687e-05 0 0 0 0.00634352
35848704 0 0 0 0.359073 0.000119578 0 0 0 0.00634352
35914240 0 0 0 0.425721 0.000164967 0 0 0 0.00634352
35979776 0 0 0 0.351954 0.000110691 0 0 0 0.00634352
36045312 0 0 0 0.763101 0.000511063 0 0 0 0.00634352
36110848 0 0 0 -0.450847 0.000172529 0 0 0 0.00356343
36176384 0 0 0 -0.484981 0.000195992 0 0 0 0.00356343
36241920 0 0 0 -0.450348 0.000165966 0 0 0 0.00356343
36307456 0 0 0 -0.373805 0.000112329 0 0 0 0.00356343
36372992 0 0 0 -0.285096 6.42102e-05 0 0 0 0.00356343
36438528 0 0 0 -0.315112 7.71056e-05 0 0 0 0.00356343
36504064 0 0 0 -0.272294 5.66114e-05 0 0 0 0.00356343
36569600 0 0 0 0.0679302 3.46301e-06 0 0 0 0.00356343
36635136 0 0 0 -0.0577685 2.46669e-06 0 0 0 0.00356343
36700672 0 0 0 -0.0483477 1.70044e-06 0 0 0 0.00356343
36766208 0 0 0 0.0793956 4.50809e-06 0 0 0 0.00356343
36831744 0 0 0 0.0651406 2.98737e-06 0 0 0 0.00356343
36897280 0 0 0 0.144467 1.44743e-05 0 0 0 0.00356343
36962816 0 0 0 0.185949 2.36219e-05 0 0 0 0.00356343
37028352 0 0 0 0.123643 1.02885e-05 0 0 0 0.00356343
37093888 0 0 0 0.432255 0.000123944 0 0 0 0.00356343
34013952 0 0 0 -0.120715 0.0697303 0 0 0 0.00340407
34079488 0 0 0 0.0537672 -0.0310355 0 0 0 0.00340407
34145024 0 0 0 0.0336273 -0.0194121 0 0 0 0.00340407
34210560 0 0 0 0.0983814 -0.056778 0 0 0 0.00340407
34276096 0 0 0 0.0367354 -0.0212061 0 0 0 0.00340407
34341632 0 0 0 0.0747344 -0.0431354 0 0 0 0.00340407
34407168 0 0 0 0.0351189 -0.0202732 0 0 0 0.00340407
34472704 0 0 0 0.0577741 -0.0333486 0 0 0 0.00340407
34538240 0 0 0 -0.225447 0.130271 0 0 0 0.00340407
34603776 0 0 0 0.00357596 -0.00206455 0 0 0 0.00340407
34669312 0 0 0 -0.029991 0.0173172 0 0 0 0.00340407
34734848 0 0 0 0.0412046 -0.023786 0 0 0 0.00340407
34800384 0 0 0 -0.00907208 0.00523793 0 0 0 0.00340407
34865920 0 0 0 -0.0266485 0.015387 0 0 0 0.00340407
34931456 0 0 0 -0.107855 0.062293 0 0 0 0.00340407
34996992 0 0 0 -0.0920291 0.0531493 0 0 0 0.00340407
35062528 0 0 0 0.184391 -0.106395 0 0 0 0.00475216
35128064 0 0 0 0.136779 -0.0789357 0 0 0 0.00475216
35193600 0 0 0 0.00470329 -0.00271541 0 0 0 0.00475216
35259136 0 0 0 0.0366111 -0.0211351 0 0 0 0.00475216
35324672 0 0 0 0.0132019 -0.00762181 0 0 0 0.00475216
35390208 0 0 0 -0.0196504 0.0113458 0 0 0 0.00475216
35455744 0 0 0 0.0034995 -0.00202042 0 0 0 0.00475216
35521280 0 0 0 0.0747093 -0.0431247 0 0 0 0.00475216
35586816 0 0 0 -0.104614 0.0604157 0 0 0 0.00475216
35652352 0 0 0 -0.1061 0.0612741 0 0 0 0.00475216
35717888 0 0 0 -0.0486757 0.0281065 0 0 0 0.00475216
35783424 0 0 0 -0.0491847 0.0284003 0 0 0 0.00475216
35848960 0 0 0 -0.218233 0.126065 0 0 0 0.00475216
35914496 0 0 0 -0.107645 0.0621649 0 0 0 0.00475216
35980032 0 0 0 -0.245639 0.141903 0 0 0 0.00475216
36045568 0 0 0 -0.00858904 0.00495898 0 0 0 0.00475216
36111104 0 0 0 0.21286 -0.122836 0 0 0 0.00513857
36176640 0 0 0 0.174461 -0.100686 0 0 0 0.00513857
36242176 0 0 0 0.0680315 -0.0392721 0 0 0 0.00513857
36307712 0 0 0 0.0619829 -0.0357811 0 0 0 0.00513857
36373248 0 0 0 0.104891 -0.0605452 0 0 0 0.00513857
36438784 0 0 0 -0.0317265 0.0183185 0 0 0 0.00513857
36504320 0 0 0 -0.0708813 0.0409292 0 0 0 0.00513857
36569856 0 0 0 0.242057 -0.139684 0 0 0 0.00513857
36635392 0 0 0 0.0178086 -0.0102814 0 0 0 0.00513857
36700928 0 0 0 -0.0314435 0.018155 0 0 0 0.00513857
36766464 0 0 0 0.089365 -0.0515861 0 0 0 0.00513857
36832000 0 0 0 0.00961687 -0.0055522 0 0 0 0.00513857
36897536 0 0 0 -0.152996 0.0883575 0 0 0 0.00513857
36963072 0 0 0 -0.103099 0.0595357 0 0 0 0.00513857
37028608 0 0 0 -0.203341 0.117442 0 0 0 0.00513857
37094144 0 0 0 0.116689 -0.0673567 0 0 0 0.00513857
34014208 0 0 0 0.0850786 -0.147268 0 0 0 0.000944428
34079744 0 0 0 0.114194 -0.197627 0 0 0 0.000944428
34145280 0 0 0 0.0628826 -0.108867 0 0 0 0.000944428
34210816 0 0 0 0.0933751 -0.161625 0 0 0 0.000944428
34276352 0 0 0 0.0205851 -0.0356495 0 0 0 0.000944428
34341888 0 0 0 0.063618 -0.110142 0 0 0 0.000944428
34407424 0 0 0 0.0285819 -0.049496 0 0 0 0.000944428
34472960 0 0 0 -0.00494227 0.00856055 0 0 0 0.000944428
34538496 0 0 0 -0.108868 0.188696 0 0 0 0.000944428
34604032 0 0 0 -0.060874 0.105478 0 0 0 0.000944428
34669568 0 0 0 -0.0646287 0.111985 0 0 0 0.000944428
34735104 0 0 0 -0.0634553 0.109951 0 0 0 0.000944428
34800640 0 0 0 -0.108713 0.188419 0 0 0 0.000944428
34866176 0 0 0 -0.143113 0.248091 0 0 0 0.000944428
34931712 0 0 0 -0.130341 0.225929 0 0 0 0.000944428
34997248 0 0 0 -0.199915 0.346664 0 0 0 0.000944428
35062784 0 0 0 0.261065 -0.451525 0 0 0 0.0027036
35128320 0 0 0 0.170682 -0.295357 0 0 0 0.0027036
35193856 0 0 0 0.0729431 -0.126292 0 0 0 0.0027036
35259392 0 0 0 0.0869795 -0.150585 0 0 0 0.0027036
35324928 0 0 0 0.0682209 -0.118121 0 0 0 0.0027036
35390464 0 0 0 -0.00202822 0.00351301 0 0 0 0.0027036
35456000 0 0 0 0.00218923 -0.00379182 0 0 0 0.0027036
35521536 0 0 0 0.00206159 -0.00357074 0 0 0 0.0027036
35587072 0 0 0 -0.128402 0.222532 0 0 0 0.0027036
35652608 0 0 0 -0.106656 0.184823 0 0 0 0.0027036
35718144 0 0 0 -0.0919444 0.159318 0 0 0 0.0027036
35783680 0 0 0 -0.16671 0.288961 0 0 0 0.0027036
35849216 0 0 0 -0.185306 0.321215 0 0 0 0.0027036
35914752 0 0 0 -0.201397 0.349126 0 0 0 0.0027036
35980288 0 0 0 -0.260976 0.452512 0 0 0 0.0027036
36045824 0 0 0 -0.0924933 0.160263 0 0 0 0.0027036
36111360 0 0 0 0.301898 -0.522285 0 0 0 0.00367844
36176896 0 0 0 0.215002 -0.372086 0 0 0 0.00367844
36242432 0 0 0 0.149778 -0.259276 0 0 0 0.00367844
36307968 0 0 0 0.147329 -0.255041 0 0 0 0.00367844
36373504 0 0 0 0.15175 -0.262693 0 0 0 0.00367844
36439040 0 0 0 0.0868382 -0.150361 0 0 0 0.00367844
36504576 0 0 0 0.0232671 -0.0402965 0 0 0 0.00367844
36570112 0 0 0 0.167414 -0.289802 0 0 0 0.00367844
36635648 0 0 0 0.0613681 -0.10627 0 0 0 0.00367844
36701184 0 0 0 -0.00195569 0.00338738 0 0 0 0.00367844
36766720 0 0 0 0.0442013 -0.0765476 0 0 0 0.00367844
36832256 0 0 0 -0.0256125 0.0443659 0 0 0 0.00367844
36897792 0 0 0 -0.118148 0.204716 0 0 0 0.00367844
36963328 0 0 0 -0.126199 0.21867 0 0 0 0.00367844
37028864 0 0 0 -0.208314 0.361045 0 0 0 0.00367844
37094400 0 0 0 -0.0620894 0.107563 0 0 0 0.00367844
34014464 0 0 0 5.39245e-05 -0.183941 0 0 0 -0.00147396
34080000 0 0 0 4.2397e-05 -0.16458 0 0 0 -0.00147396
34145536 0 0 0 1.42676e-05 -0.0963251 0 0 0 -0.00147396
34211072 0 0 0 2.48256e-05 -0.128174 0 0 0 -0.00147396
34276608 0 0 0 3.86997e-06 -0.0510418 0 0 0 -0.00147396
34342144 0 0 0 7.30923e-06 -0.0707403 0 0 0 -0.00147396
34407680 0 0 0 1.10036e-05 -0.0875178 0 0 0 -0.00147396
34473216 0 0 0 6.19592e-07 0.0209374 0 0 0 -0.00147396
34538752 0 0 0 5.52076e-05 0.199229 0 0 0 -0.00147396
34604288 0 0 0 2.52279e-05 0.135744 0 0 0 -0.00147396
34669824 0 0 0 2.90867e-05 0.146893 0 0 0 -0.00147396
34735360 0 0 0 2.30798e-05 0.131854 0 0 0 -0.00147396
34800896 0 0 0 6.69671e-05 0.226299 0 0 0 -0.00147396
34866432 0 0 0 9.27464e-05 0.268302 0 0 0 -0.00147396
34931968 0 0 0 8.51869e-05 0.259024 0 0 0 -0.00147396
34997504 0 0 0 0.000213602 0.41313 0 0 0 -0.00147396
35063040 0 0 0 0.000270615 -0.474838 0 0 0 0.000371113
35128576 0 0 0 0.000152774 -0.361119 0 0 0 0.000371113
35194112 0 0 0 3.89713e-05 -0.184557 0 0 0 0.000371113
35259648 0 0 0 5.27871e-05 -0.217288 0 0 0 0.000371113
35325184 0 0 0 4.42401e-05 -0.201178 0 0 0 0.000371113
35390720 0 0 0 1.97175e-06 -0.0429427 0 0 0 0.000371113
35456256 0 0 0 4.59894e-06 -0.0662951 0 0 0 0.000371113
35521792 0 0 0 3.56992e-06 -0.0590298 0 0 0 0.000371113
35587328 0 0 0 1.82834e-05 0.134979 0 0 0 0.000371113
35652864 0 0 0 1.66368e-05 0.130069 0 0 0 0.000371113
35718400 0 0 0 3.32045e-06 0.0586887 0 0 0 0.000371113
35783936 0 0 0 6.66118e-05 0.265438 0 0 0 0.000371113
35849472 0 0 0 4.58608e-05 0.222362 0 0 0 0.000371113
35915008 0 0 0 0.0001105 0.348412 0 0 0 0.000371113
35980544 0 0 0 0.000282122 0.561861 0 0 0 0.000371113
36046080 0 0 0 4.02896e-05 0.214256 0 0 0 0.000371113
36111616 0 0 0 0.000159936 -0.434097 0 0 0 0.00170975
36177152 0 0 0 8.45742e-05 -0.318595 0 0 0 0.00170975
36242688 0 0 0 2.95291e-05 -0.189968 0 0 0 0.00170975
36308224 0 0 0 2.45072e-05 -0.174608 0 0 0 0.00170975
36373760 0 0 0 3.17672e-05 -0.200541 0 0 0 0.00170975
36439296 0 0 0 7.14426e-06 -0.0959234 0 0 0 0.00170975
36504832 0 0 0 2.31482e-08 -0.00550647 0 0 0 0.00170975
36570368 0 0 0 6.0881e-05 -0.284749 0 0 0 0.00170975
36635904 0 0 0 6.08289e-06 -0.0907455 0 0 0 0.00170975
36701440 0 0 0 7.89875e-09 -0.0032964 0 0 0 0.00170975
36766976 0 0 0 5.06574e-06 -0.0841432 0 0 0 0.00170975
36832512 0 0 0 4.63917e-06 0.0811523 0 0 0 0.00170975
36898048 0 0 0 3.05222e-05 0.209758 0 0 0 0.00170975
36963584 0 0 0 2.30695e-05 0.183743 0 0 0 0.00170975
37029120 0 0 0 4.17066e-05 0.2489 0 0 0 0.00170975
37094656 0 0 0 1.2115e-07 0.0135135 0 0 0 0.00170975
34014720 0 0 0 -0.111934 -0.194035 0 0 0 0.000872156
34080256 0 0 0 -0.125006 -0.216712 0 0 0 0.000872156
34145792 0 0 0 -0.0730693 -0.126625 0 0 0 0.000872156
34211328 0 0 0 -0.0950109 -0.164673 0 0 0 0.000872156
34276864 0 0 0 -0.0256515 -0.0444375 0 0 0 0.000872156
34342400 0 0 0 -0.0531882 -0.0921577 0 0 0 0.000872156
34407936 0 0 0 -0.0238039 -0.0412361 0 0 0 0.000872156
34473472 0 0 0 0.0112177 0.0194283 0 0 0 0.000872156
34539008 0 0 0 0.0893199 0.154618 0 0 0 0.000872156
34604544 0 0 0 0.0867844 0.150233 0 0 0 0.000872156
34670080 0 0 0 0.0826422 0.143067 0 0 0 0.000872156
34735616 0 0 0 0.0881896 0.152666 0 0 0 0.000872156
34801152 0 0 0 0.111549 0.193079 0 0 0 0.000872156
34866688 0 0 0 0.159494 0.275989 0 0 0 0.000872156
34932224 0 0 0 0.137 0.237101 0 0 0 0.000872156
34997760 0 0 0 0.194978 0.337332 0 0 0 0.000872156
35063296 0 0 0 -0.199224 -0.345448 0 0 0 0.00282788
35128832 0 0 0 -0.136936 -0.237356 0 0 0 0.00282788
35194368 0 0 0 -0.0616246 -0.106772 0 0 0 0.00282788
35259904 0 0 0 -0.0765473 -0.132636 0 0 0 0.00282788
35325440 0 0 0 -0.0432889 -0.074995 0 0 0 0.00282788
35390976 0 0 0 0.00196636 0.00340581 0 0 0 0.00282788
35456512 0 0 0 0.00127209 0.00220331 0 0 0 0.00282788
35522048 0 0 0 -0.0169181 -0.0293053 0 0 0 0.00282788
35587584 0 0 0 0.0703106 0.121742 0 0 0 0.00282788
35653120 0 0 0 0.0822964 0.142488 0 0 0 0.00282788
35718656 0 0 0 0.0509907 0.0882985 0 0 0 0.00282788
35784192 0 0 0 0.110494 0.191289 0 0 0 0.00282788
35849728 0 0 0 0.144464 0.250064 0 0 0 0.00282788
35915264 0 0 0 0.131964 0.228442 0 0 0 0.00282788
35980800 0 0 0 0.20367 0.352471 0 0 0 0.00282788
36046336 0 0 0 0.0257069 0.044521 0 0 0 0.00282788
36111872 0 0 0 -0.269125 -0.466631 0 0 0 0.0039819
36177408 0 0 0 -0.161999 -0.280765 0 0 0 0.0039819
36242944 0 0 0 -0.1094 -0.189565 0 0 0 0.0039819
36308480 0 0 0 -0.111499 -0.193202 0 0 0 0.0039819
36374016 0 0 0 -0.120249 -0.208369 0 0 0 0.0039819
36439552 0 0 0 -0.0592303 -0.102612 0 0 0 0.0039819
36505088 0 0 0 -0.0159545 -0.0276356 0 0 0 0.0039819
36570624 0 0 0 -0.150269 -0.26041 0 0 0 0.0039819
36636160 0 0 0 -0.049043 -0.0849591 0 0 0 0.0039819
36701696 0 0 0 -0.00155805 -0.00269864 0 0 0 0.0039819
36767232 0 0 0 -0.0583985 -0.101169 0 0 0 0.0039819
36832768 0 0 0 0.0396606 0.0686853 0 0 0 0.0039819
36898304 0 0 0 0.111451 0.192969 0 0 0 0.0039819
36963840 0 0 0 0.120602 0.208809 0 0 0 0.0039819
37029376 0 0 0 0.160144 0.27724 0 0 0 0.0039819
37094912 0 0 0 0.0260947 0.0451938 0 0 0 0.0039819
34014976 0 0 0 -0.00350392 -0.00202302 0 0 0 0.00358569
34080512 0 0 0 -0.064747 -0.0373918 0 0 0 0.00358569
34146048 0 0 0 -0.0211741 -0.0122259 0 0 0 0.00358569
34211584 0 0 0 -0.0815077 -0.0470739 0 0 0 0.00358569
34277120 0 0 0 -0.0237627 -0.0137207 0 0 0 0.00358569
34342656 0 0 0 -0.0501516 -0.0289607 0 0 0 0.00358569
34408192 0 0 0 -0.0789043 -0.0455692 0 0 0 0.00358569
34473728 0 0 0 -0.0114246 -0.00659625 0 0 0 0.00358569
34539264 0 0 0 0.121031 0.0698457 0 0 0 0.00358569
34604800 0 0 0 0.0171072 0.00987621 0 0 0 0.00358569
34670336 0 0 0 -0.052092 -0.030081 0 0 0 0.00358569
34735872 0 0 0 -0.0447961 -0.0258671 0 0 0 0.00358569
34801408 0 0 0 -0.0137087 -0.00791512 0 0 0 0.00358569
34866944 0 0 0 0.038206 0.0220554 0 0 0 0.00358569
34932480 0 0 0 -0.0221376 -0.0127821 0 0 0 0.00358569
34998016 0 0 0 0.020353 0.01175 0 0 0 0.00358569
35063552 0 0 0 -0.0796808 -0.0460155 0 0 0 0.0044393
35129088 0 0 0 -0.0294118 -0.0169825 0 0 0 0.0044393
35194624 0 0 0 0.0515155 0.0297378 0 0 0 0.0044393
35260160 0 0 0 0.0130624 0.00754128 0 0 0 0.0044393
35325696 0 0 0 0.0466944 0.0269553 0 0 0 0.0044393
35391232 0 0 0 0.0551558 0.0318392 0 0 0 0.0044393
35456768 0 0 0 -0.00576926 -0.00333093 0 0 0 0.0044393
35522304 0 0 0 -0.0463588 -0.0267687 0 0 0 0.0044393
35587840 0 0 0 0.0857163 0.049477 0 0 0 0.0044393
35653376 0 0 0 0.116299 0.0671246 0 0 0 0.0044393
35718912 0 0 0 0.0617732 0.0356591 0 0 0 0.0044393
35784448 0 0 0 0.151395 0.0873744 0 0 0 0.0044393
35849984 0 0 0 0.139955 0.0807749 0 0 0 0.0044393
35915520 0 0 0 0.111808 0.0645349 0 0 0 0.0044393
35981056 0 0 0 0.186025 0.107354 0 0 0 0.0044393
36046592 0 0 0 -0.0893694 -0.0516082 0 0 0 0.0044393
36112128 0 0 0 -0.36407 -0.210369 0 0 0 0.0042423
36177664 0 0 0 -0.217338 -0.125541 0 0 0 0.0042423
36243200 0 0 0 -0.0706317 -0.0407855 0 0 0 0.0042423
36308736 0 0 0 -0.074504 -0.0430218 0 0 0 0.0042423
36374272 0 0 0 -0.123115 -0.0710987 0 0 0 0.0042423
36439808 0 0 0 -0.00777003 -0.0044861 0 0 0 0.0042423
36505344 0 0 0 0.0629073 0.0363149 0 0 0 0.0042423
36570880 0 0 0 -0.221274 -0.127809 0 0 0 0.0042423
36636416 0 0 0 -0.0379068 -0.0218872 0 0 0 0.0042423
36701952 0 0 0 0.0221683 0.0127983 0 0 0 0.0042423
36767488 0 0 0 -0.0572842 -0.0330766 0 0 0 0.0042423
36833024 0 0 0 0.0520418 0.0300434 0 0 0 0.0042423
36898560 0 0 0 0.162626 0.0938637 0 0 0 0.0042423
36964096 0 0 0 0.17108 0.0987422 0 0 0 0.0042423
37029632 0 0 0 0.187589 0.108268 0 0 0 0.0042423
37095168 0 0 0 -0.0437069 -0.0252361 0 0 0 0.0042423
34015232 0 0 0 0.0803351 -1.02837e-05 0 0 0 0.00961525
34080768 0 0 0 0.012756 -2.54346e-07 0 0 0 0.00961525
34146304 0 0 0 0.0577601 -5.12859e-06 0 0 0 0.00961525
34211840 0 0 0 -0.0476635 -3.43426e-06 0 0 0 0.00961525
34277376 0 0 0 0.0561468 -4.6813e-06 0 0 0 0.00961525
34342912 0 0 0 -0.0598691 -5.23693e-06 0 0 0 0.00961525
34408448 0 0 0 -0.0233646 -7.84881e-07 0 0 0 0.00961525
34473984 0 0 0 -0.0446824 -2.82305e-06 0 0 0 0.00961525
34539520 0 0 0 0.139558 -2.7086e-05 0 0 0 0.00961525
34605056 0 0 0 0.00146863 -2.91367e-09 0 0 0 0.00961525
34670592 0 0 0 0.0202519 -5.52325e-07 0 0 0 0.00961525
34736128 0 0 0 -0.072494 -6.97861e-06 0 0 0 0.00961525
34801664 0 0 0 -0.0168762 -3.72886e-07 0 0 0 0.00961525
34867200 0 0 0 -0.0861271 -9.55945e-06 0 0 0 0.00961525
34932736 0 0 0 -0.025421 -8.21182e-07 0 0 0 0.00961525
34998272 0 0 0 -0.00626 -4.92112e-08 0 0 0 0.00961525
35063808 0 0 0 -0.306369 -0.000112664 0 0 0 0.0101401
35129344 0 0 0 -0.109908 -1.41545e-05 0 0 0 0.0101401
35194880 0 0 0 0.0299539 -1.02577e-06 0 0 0 0.0101401
35260416 0 0 0 -0.0437587 -2.14202e-06 0 0 0 0.0101401
35325952 0 0 0 -0.0408703 -1.82698e-06 0 0 0 0.0101401
35391488 0 0 0 0.040064 -1.71518e-06 0 0 0 0.0101401
35457024 0 0 0 0.0355426 -1.32093e-06 0 0 0 0.0101401
35522560 0 0 0 -0.033357 -1.14086e-06 0 0 0 0.0101401
35588096 0 0 0 0.117673 -1.38925e-05 0 0 0 0.0101401
35653632 0 0 0 0.0671671 -4.43461e-06 0 0 0 0.0101401
35719168 0 0 0 0.0353492 -1.20366e-06 0 0 0 0.0101401
35784704 0 0 0 0.135797 -1.74307e-05 0 0 0 0.0101401
35850240 0 0 0 0.268165 -6.66928e-05 0 0 0 0.0101401
35915776 0 0 0 0.165458 -2.49159e-05 0 0 0 0.0101401
35981312 0 0 0 0.336156 -0.000100977 0 0 0 0.0101401
36046848 0 0 0 0.00292852 -7.44856e-09 0 0 0 0.0101401
36112384 0 0 0 -0.209152 -3.71333e-05 0 0 0 0.00982154
36177920 0 0 0 -0.143844 -1.7244e-05 0 0 0 0.00982154
36243456 0 0 0 -0.0647558 -3.43296e-06 0 0 0 0.00982154
36308992 0 0 0 -0.0819893 -5.40574e-06 0 0 0 0.00982154
36374528 0 0 0 -0.0730378 -4.21567e-06 0 0 0 0.00982154
36440064 0 0 0 -0.0112166 -9.79862e-08 0 0 0 0.00982154
36505600 0 0 0 -0.00534317 -2.19388e-08 0 0 0 0.00982154
36571136 0 0 0 -0.262256 -5.16495e-05 0 0 0 0.00982154
36636672 0 0 0 -0.0266294 -5.24535e-07 0 0 0 0.00982154
36702208 0 0 0 0.0341389 -8.46268e-07 0 0 0 0.00982154
36767744 0 0 0 -0.0917316 -6.0231e-06 0 0 0 0.00982154
36833280 0 0 0 0.0262262 -4.83815e-07 0 0 0 0.00982154
36898816 0 0 0 0.151659 -1.59517e-05 0 0 0 0.00982154
36964352 0 0 0 0.116767 -9.31353e-06 0 0 0 0.00982154
37029888 0 0 0 0.145803 -1.43078e-05 0 0 0 0.00982154
37095424 0 0 0 -0.108522 -7.81598e-06 0 0 0 0.00982154
34015488 0 0 0 0.0307763 -0.017771 0 0 0 0.00939813
34081024 0 0 0 -0.00166252 0.000959851 0 0 0 0.00939813
34146560 0 0 0 0.0224664 -0.0129722 0 0 0 0.00939813
34212096 0 0 0 -0.0249855 0.0144239 0 0 0 0.00939813
34277632 0 0 0 -0.00173515 0.00100178 0 0 0 0.00939813
34343168 0 0 0 -0.0162349 0.0093726 0 0 0 0.00939813
34408704 0 0 0 -0.0195679 0.0112967 0 0 0 0.00939813
34474240 0 0 0 -0.00365156 0.0021082 0 0 0 0.00939813
34539776 0 0 0 0.0915813 -0.0528924 0 0 0 0.00939813
34605312 0 0 0 -0.0216998 0.0125274 0 0 0 0.00939813
34670848 0 0 0 -0.0269768 0.0155735 0 0 0 0.00939813
34736384 0 0 0 -0.0600108 0.0346399 0 0 0 0.00939813
34801920 0 0 0 -0.0176159 0.0101699 0 0 0 0.00939813
34867456 0 0 0 -0.0239636 0.0138342 0 0 0 0.00939813
34932992 0 0 0 -0.0376684 0.0217451 0 0 0 0.00939813
34998528 0 0 0 0.0241979 -0.0139718 0 0 0 0.00939813
35064064 0 0 0 0.000428477 -0.000247381 0 0 0 0.00935335
35129600 0 0 0 0.0454053 -0.0262185 0 0 0 0.00935335
35195136 0 0 0 0.0731806 -0.0422603 0 0 0 0.00935335
35260672 0 0 0 -0.00342337 0.00197646 0 0 0 0.00935335
35326208 0 0 0 -0.0180383 0.0104139 0 0 0 0.00935335
35391744 0 0 0 0.0465885 -0.0269015 0 0 0 0.00935335
35457280 0 0 0 -0.0183757 0.0106087 0 0 0 0.00935335
35522816 0 0 0 -0.0196469 0.0113425 0 0 0 0.00935335
35588352 0 0 0 0.0695095 -0.0401388 0 0 0 0.00935335
35653888 0 0 0 0.0557927 -0.0322166 0 0 0 0.00935335
35719424 0 0 0 -0.0167362 0.00966222 0 0 0 0.00935335
35784960 0 0 0 0.0365311 -0.0210932 0 0 0 0.00935335
35850496 0 0 0 0.070441 -0.0406762 0 0 0 0.00935335
35916032 0 0 0 0.0344877 -0.0199131 0 0 0 0.00935335
35981568 0 0 0 0.114 -0.0658355 0 0 0 0.00935335
36047104 0 0 0 -0.156965 0.0905904 0 0 0 0.00935335
36112640 0 0 0 -0.183825 0.106087 0 0 0 0.00879534
36178176 0 0 0 -0.0859622 0.0496208 0 0 0 0.00879534
36243712 0 0 0 0.0615468 -0.0355388 0 0 0 0.00879534
36309248 0 0 0 -0.0104397 0.00602725 0 0 0 0.00879534
36374784 0 0 0 -0.0650776 0.0375674 0 0 0 0.00879534
36440320 0 0 0 0.022136 -0.0127808 0 0 0 0.00879534
36505856 0 0 0 0.0719298 -0.0415348 0 0 0 0.00879534
36571392 0 0 0 -0.233034 0.13448 0 0 0 0.00879534
36636928 0 0 0 -0.0562227 0.0324566 0 0 0 0.00879534
36702464 0 0 0 0.0174979 -0.0101028 0 0 0 0.00879534
36768000 0 0 0 -0.0733251 0.0423283 0 0 0 0.00879534
36833536 0 0 0 0.0255277 -0.0147391 0 0 0 0.00879534
36899072 0 0 0 0.0607138 -0.0350571 0 0 0 0.00879534
36964608 0 0 0 0.0896936 -0.0517931 0 0 0 0.00879534
37030144 0 0 0 0.134551 -0.0777017 0 0 0 0.00879534
37095680 0 0 0 -0.137419 0.0793197 0 0 0 0.00879534
34015744 0 0 0 -0.0352252 0.0609961 0 0 0 0.0108966
34081280 0 0 0 -0.0706338 0.122279 0 0 0 0.0108966
34146816 0 0 0 -0.0314955 0.0545396 0 0 0 0.0108966
34212352 0 0 0 -0.0511539 0.0885695 0 0 0 0.0108966
34277888 0 0 0 -0.0154498 0.026757 0 0 0 0.0108966
34343424 0 0 0 -0.0630048 0.109081 0 0 0 0.0108966
34408960 0 0 0 -0.0276586 0.0478973 0 0 0 0.0108966
34474496 0 0 0 -0.0357599 0.0619235 0 0 0 0.0108966
34540032 0 0 0 0.071771 -0.124368 0 0 0 0.0108966
34605568 0 0 0 0.00493742 -0.00855214 0 0 0 0.0108966
34671104 0 0 0 -0.0146814 0.0254267 0 0 0 0.0108966
34736640 0 0 0 -0.0585194 0.101322 0 0 0 0.0108966
34802176 0 0 0 0.0136074 -0.0235706 0 0 0 0.0108966
34867712 0 0 0 0.016165 -0.0280012 0 0 0 0.0108966
34933248 0 0 0 0.090928 -0.157576 0 0 0 0.0108966
34998784 0 0 0 0.150975 -0.261725 0 0 0 0.0108966
35064320 0 0 0 0.152102 -0.263672 0 0 0 0.00969882
35129856 0 0 0 0.0848996 -0.147118 0 0 0 0.00969882
35195392 0 0 0 0.0907527 -0.157264 0 0 0 0.00969882
35260928 0 0 0 0.0446724 -0.0773928 0 0 0 0.00969882
35326464 0 0 0 0.0293292 -0.0508072 0 0 0 0.00969882
35392000 0 0 0 0.0468617 -0.0811857 0 0 0 0.00969882
35457536 0 0 0 0.0066364 -0.0114949 0 0 0 0.00969882
35523072 0 0 0 -0.00715498 0.0123924 0 0 0 0.00969882
35588608 0 0 0 -0.0262351 0.0454351 0 0 0 0.00969882
35654144 0 0 0 -0.0513029 0.0888385 0 0 0 0.00969882
35719680 0 0 0 -0.0911829 0.157869 0 0 0 0.00969882
35785216 0 0 0 -0.0386858 0.0669945 0 0 0 0.00969882
35850752 0 0 0 -0.0607906 0.105265 0 0 0 0.00969882
35916288 0 0 0 -0.104687 0.181243 0 0 0 0.00969882
35981824 0 0 0 -0.0838008 0.145097 0 0 0 0.00969882
36047360 0 0 0 -0.294552 0.50957 0 0 0 0.00969882
36112896 0 0 0 -0.0516674 0.0894725 0 0 0 0.00846568
36178432 0 0 0 0.00787063 -0.0136327 0 0 0 0.00846568
36243968 0 0 0 0.0681906 -0.11814 0 0 0 0.00846568
36309504 0 0 0 0.0752227 -0.130326 0 0 0 0.00846568
36375040 0 0 0 0.0324307 -0.0561783 0 0 0 0.00846568
36440576 0 0 0 0.0605395 -0.10488 0 0 0 0.00846568
36506112 0 0 0 0.0817372 -0.141614 0 0 0 0.00846568
36571648 0 0 0 -0.0771446 0.133583 0 0 0 0.00846568
36637184 0 0 0 0.0325202 -0.0563329 0 0 0 0.00846568
36702720 0 0 0 0.0519609 -0.0900146 0 0 0 0.00846568
36768256 0 0 0 -0.0307159 0.0531961 0 0 0 0.00846568
36833792 0 0 0 0.0448288 -0.0776572 0 0 0 0.00846568
36899328 0 0 0 0.0335706 -0.0581523 0 0 0 0.00846568
36964864 0 0 0 0.0169829 -0.0294168 0 0 0 0.00846568
37030400 0 0 0 0.0775927 -0.134427 0 0 0 0.00846568
37095936 0 0 0 -0.105616 0.182873 0 0 0 0.00846568
34016000 0 0 0 -9.64242e-05 -0.245968 0 0 0 0.0120962
34081536 0 0 0 -2.56309e-05 -0.127965 0 0 0 0.0120962
34147072 0 0 0 -6.24112e-05 -0.201463 0 0 0 0.0120962
34212608 0 0 0 -1.01624e-05 -0.0820063 0 0 0 0.0120962
34278144 0 0 0 -4.71541e-05 -0.178169 0 0 0 0.0120962
34343680 0 0 0 -3.31076e-08 -0.00476096 0 0 0 0.0120962
34409216 0 0 0 -1.8726e-06 -0.0361037 0 0 0 0.0120962
34474752 0 0 0 -4.60508e-08 0.00570805 0 0 0 0.0120962
34540288 0 0 0 -2.69539e-05 -0.139208 0 0 0 0.0120962
34605824 0 0 0 -5.13315e-06 0.0612311 0 0 0 0.0120962
34671360 0 0 0 -6.36308e-06 0.0687051 0 0 0 0.0120962
34736896 0 0 0 -7.31753e-05 0.23478 0 0 0 0.0120962
34802432 0 0 0 -2.69547e-05 0.143572 0 0 0 0.0120962
34867968 0 0 0 -0.000154236 0.345994 0 0 0 0.0120962
34933504 0 0 0 -0.000192296 0.389169 0 0 0 0.0120962
34999040 0 0 0 -0.000340181 0.521362 0 0 0 0.0120962
35064576 0 0 0 -7.99693e-05 0.258126 0 0 0 0.0102947
35130112 0 0 0 -6.94649e-11 -0.000243467 0 0 0 0.0102947
35195648 0 0 0 -2.39303e-05 -0.144621 0 0 0 0.0102947
35261184 0 0 0 -9.75598e-06 -0.0934129 0 0 0 0.0102947
35326720 0 0 0 -6.12931e-06 -0.074882 0 0 0 0.0102947
35392256 0 0 0 -3.34614e-05 -0.176903 0 0 0 0.0102947
35457792 0 0 0 -1.26745e-05 -0.110057 0 0 0 0.0102947
35523328 0 0 0 -1.28593e-06 -0.0354283 0 0 0 0.0102947
35588864 0 0 0 -1.39857e-05 -0.118054 0 0 0 0.0102947
35654400 0 0 0 -4.03769e-06 -0.0640777 0 0 0 0.0102947
35719936 0 0 0 -2.53444e-06 0.051274 0 0 0 0.0102947
35785472 0 0 0 -2.44803e-06 -0.0508858 0 0 0 0.0102947
35851008 0 0 0 -4.63646e-09 -0.00223579 0 0 0 0.0102947
35916544 0 0 0 -3.06967e-07 -0.0183636 0 0 0 0.0102947
35982080 0 0 0 -1.29904e-05 -0.120565 0 0 0 0.0102947
36047616 0 0 0 -6.06937e-05 0.262971 0 0 0 0.0102947
36113152 0 0 0 -6.56811e-06 -0.0879698 0 0 0 0.00853022
36178688 0 0 0 -1.47297e-05 -0.132959 0 0 0 0.00853022
36244224 0 0 0 -1.97411e-05 -0.155325 0 0 0 0.00853022
36309760 0 0 0 -6.82994e-06 -0.0921779 0 0 0 0.00853022
36375296 0 0 0 -3.41901e-06 -0.0657907 0 0 0 0.00853022
36440832 0 0 0 -7.22076e-06 -0.0964357 0 0 0 0.00853022
36506368 0 0 0 -9.29481e-06 -0.11034 0 0 0 0.00853022
36571904 0 0 0 -2.71112e-05 0.190019 0 0 0 0.00853022
36637440 0 0 0 -1.80366e-06 0.0494138 0 0 0 0.00853022
36702976 0 0 0 -1.6919e-07 0.0152563 0 0 0 0.00853022
36768512 0 0 0 -8.74211e-06 0.110536 0 0 0 0.00853022
36834048 0 0 0 -3.52916e-08 0.00707809 0 0 0 0.00853022
36899584 0 0 0 -2.1359e-07 -0.017547 0 0 0 0.00853022
36965120 0 0 0 -2.32897e-06 -0.0583812 0 0 0 0.00853022
37030656 0 0 0 -3.45593e-09 0.00226572 0 0 0 0.00853022
37096192 0 0 0 -2.49557e-05 0.193951 0 0 0 0.00853022
34013185 0 0 0 -0.0470245 -0.0814206 0 0 0 0.0104292
34078721 0 0 0 -0.0616175 -0.106677 0 0 0 0.0104292
34144257 0 0 0 -0.027531 -0.0476757 0 0 0 0.0104292
34209793 0 0 0 -0.038755 -0.0671075 0 0 0 0.0104292
34275329 0 0 0 0.0198641 0.0344103 0 0 0 0.0104292
34340865 0 0 0 -0.030629 -0.0530401 0 0 0 0.0104292
34406401 0 0 0 -0.0176588 -0.0305824 0 0 0 0.0104292
34471937 0 0 0 0.018715 0.0324193 0 0 0 0.0104292
34537473 0 0 0 0.120266 0.208469 0 0 0 0.0104292
34603009 0 0 0 0.0682111 0.118196 0 0 0 0.0104292
34668545 0 0 0 0.0672156 0.11647 0 0 0 0.0104292
34734081 0 0 0 0.0280457 0.0485849 0 0 0 0.0104292
34799617 0 0 0 0.0771561 0.133701 0 0 0 0.0104292
34865153 0 0 0 0.0689441 0.119464 0 0 0 0.0104292
34930689 0 0 0 0.0467556 0.0810053 0 0 0 0.0104292
34996225 0 0 0 0.0648719 0.112404 0 0 0 0.0104292
35061761 0 0 0 -0.190106 -0.328927 0 0 0 0.00923949
35127297 0 0 0 -0.12703 -0.219871 0 0 0 0.00923949
35192833 0 0 0 -0.0605151 -0.104782 0 0 0 0.00923949
35258369 0 0 0 -0.0861531 -0.149155 0 0 0 0.00923949
35323905 0 0 0 -0.0665694 -0.115263 0 0 0 0.00923949
35389441 0 0 0 -0.00965508 -0.0167223 0 0 0 0.00923949
35454977 0 0 0 -0.0077931 -0.0134975 0 0 0 0.00923949
35520513 0 0 0 -0.0509595 -0.0882431 0 0 0 0.00923949
35586049 0 0 0 0.0361148 0.0625631 0 0 0 0.00923949
35651585 0 0 0 0.0247931 0.0429477 0 0 0 0.00923949
35717121 0 0 0 0.0318331 0.0551443 0 0 0 0.00923949
35782657 0 0 0 0.0938985 0.162704 0 0 0 0.00923949
35848193 0 0 0 0.137708 0.238659 0 0 0 0.00923949
35913729 0 0 0 0.135482 0.234796 0 0 0 0.00923949
35979265 0 0 0 0.209426 0.36305 0 0 0 0.00923949
36044801 0 0 0 0.0425336 0.0736831 0 0 0 0.00923949
36110337 0 0 0 -0.191684 -0.331758 0 0 0 0.00881049
36175873 0 0 0 -0.0998004 -0.172793 0 0 0 0.00881049
36241409 0 0 0 -0.0391836 -0.067858 0 0 0 0.00881049
36306945 0 0 0 -0.052942 -0.0916802 0 0 0 0.00881049
36372481 0 0 0 -0.0584213 -0.101167 0 0 0 0.00881049
36438017 0 0 0 0.0092536 0.0160282 0 0 0 0.00881049
36503553 0 0 0 0.0368576 0.0638476 0 0 0 0.00881049
36569089 0 0 0 -0.126601 -0.219184 0 0 0 0.00881049
36634625 0 0 0 -0.0348136 -0.0602917 0 0 0 0.00881049
36700161 0 0 0 0.0217834 0.0377327 0 0 0 0.00881049
36765697 0 0 0 -0.0329111 -0.0569975 0 0 0 0.00881049
36831233 0 0 0 0.0379921 0.0658124 0 0 0 0.00881049
36896769 0 0 0 0.0488628 0.0846461 0 0 0 0.00881049
36962305 0 0 0 0.0602813 0.10443 0 0 0 0.00881049
37027841 0 0 0 0.0908145 0.15734 0 0 0 0.00881049
37093377 0 0 0 -0.0482803 -0.0836115 0 0 0 0.00881049
34013441 0 0 0 -0.109755 -0.0633376 0 0 0 0.0114781
34078977 0 0 0 -0.148213 -0.0855179 0 0 0 0.0114781
34144513 0 0 0 -0.0597403 -0.0344826 0 0 0 0.0114781
34210049 0 0 0 -0.106359 -0.0613803 0 0 0 0.0114781
34275585 0 0 0 0.00896928 0.0051786 0 0 0 0.0114781
34341121 0 0 0 -0.078576 -0.045352 0 0 0 0.0114781
34406657 0 0 0 -0.0144809 -0.00836012 0 0 0 0.0114781
34472193 0 0 0 0.0226458 0.0130756 0 0 0 0.0114781
34537729 0 0 0 0.147013 0.0849241 0 0 0 0.0114781
34603265 0 0 0 0.0377096 0.0217746 0 0 0 0.0114781
34668801 0 0 0 0.0889873 0.0513933 0 0 0 0.0114781
34734337 0 0 0 0.0322124 0.0185999 0 0 0 0.0114781
34799873 0 0 0 0.126902 0.0732995 0 0 0 0.0114781
34865409 0 0 0 0.137653 0.0795117 0 0 0 0.0114781
34930945 0 0 0 0.130343 0.0752868 0 0 0 0.0114781
34996481 0 0 0 0.20052 0.115848 0 0 0 0.0114781
35062017 0 0 0 -0.32615 -0.188106 0 0 0 0.00978459
35127553 0 0 0 -0.130027 -0.0750405 0 0 0 0.00978459
35193089 0 0 0 -0.0441704 -0.0254983 0 0 0 0.00978459
35258625 0 0 0 -0.0564285 -0.0325735 0 0 0 0.00978459
35324161 0 0 0 -0.0577722 -0.0333492 0 0 0 0.00978459
35389697 0 0 0 0.0183703 0.0106067 0 0 0 0.00978459
35455233 0 0 0 -0.0614031 -0.035445 0 0 0 0.00978459
35520769 0 0 0 -0.104082 -0.0600744 0 0 0 0.00978459
35586305 0 0 0 0.154195 0.0890614 0 0 0 0.00978459
35651841 0 0 0 0.150297 0.0868079 0 0 0 0.00978459
35717377 0 0 0 0.113997 0.0658358 0 0 0 0.00978459
35782913 0 0 0 0.173156 0.100015 0 0 0 0.00978459
35848449 0 0 0 0.275169 0.158977 0 0 0 0.00978459
35913985 0 0 0 0.263705 0.152348 0 0 0 0.00978459
35979521 0 0 0 0.356899 0.206231 0 0 0 0.00978459
36045057 0 0 0 0.109773 0.0633936 0 0 0 0.00978459
36110593 0 0 0 -0.432392 -0.249397 0 0 0 0.00976486
36176129 0 0 0 -0.293661 -0.169435 0 0 0 0.00976486
36241665 0 0 0 -0.162786 -0.0939513 0 0 0 0.00976486
36307201 0 0 0 -0.198779 -0.114716 0 0 0 0.00976486
36372737 0 0 0 -0.183267 -0.105768 0 0 0 0.00976486
36438273 0 0 0 -0.0792841 -0.0457672 0 0 0 0.00976486
36503809 0 0 0 -0.0526434 -0.0303904 0 0 0 0.00976486
36569345 0 0 0 -0.312073 -0.180063 0 0 0 0.00976486
36634881 0 0 0 -0.0594168 -0.0343003 0 0 0 0.00976486
36700417 0 0 0 -0.0103518 -0.00597648 0 0 0 0.00976486
36765953 0 0 0 -0.0573213 -0.0330908 0 0 0 0.00976486
36831489 0 0 0 0.064945 0.0375006 0 0 0 0.00976486
36897025 0 0 0 0.208165 0.120231 0 0 0 0.00976486
36962561 0 0 0 0.176366 0.101858 0 0 0 0.00976486
37028097 0 0 0 0.275576 0.159183 0 0 0 0.00976486
37093633 0 0 0 0.0218461 0.0126134 0 0 0 0.00976486
34013697 0 0 0 -0.249199 9.89805e-05 0 0 0 0.0093387
34079233 0 0 0 -0.28104 0.000123635 0 0 0 0.0093387
34144769 0 0 0 -0.199255 6.1056e-05 0 0 0 0.0093387
34210305 0 0 0 -0.220782 7.36653e-05 0 0 0 0.0093387
34275841 0 0 0 -0.0955547 1.35657e-05 0 0 0 0.0093387
34341377 0 0 0 -0.1556 3.53678e-05 0 0 0 0.0093387
34406913 0 0 0 -0.0663353 6.32342e-06 0 0 0 0.0093387
34472449 0 0 0 -0.00681022 6.57341e-08 0 0 0 0.0093387
34537985 0 0 0 0.266809 9.90071e-05 0 0 0 0.0093387
34603521 0 0 0 0.133534 2.44094e-05 0 0 0 0.0093387
34669057 0 0 0 0.234674 7.42306e-05 0 0 0 0.0093387
34734593 0 0 0 0.141664 2.66381e-05 0 0 0 0.0093387
34800129 0 0 0 0.245337 7.87022e-05 0 0 0 0.0093387
34865665 0 0 0 0.277465 9.91817e-05 0 0 0 0.0093387
34931201 0 0 0 0.453652 0.000261288 0 0 0 0.0093387
34996737 0 0 0 0.553501 0.0003834 0 0 0 0.0093387
35062273 0 0 0 -0.373755 0.000167672 0 0 0 0.006529
35127809 0 0 0 -0.384803 0.000173481 0 0 0 0.006529
35193345 0 0 0 -0.226928 5.8926e-05 0 0 0 0.006529
35258881 0 0 0 -0.195144 4.25815e-05 0 0 0 0.006529
35324417 0 0 0 -0.115357 1.45491e-05 0 0 0 0.006529
35389953 0 0 0 0.0426826 1.94678e-06 0 0 0 0.006529
35455489 0 0 0 0.0399677 1.67045e-06 0 0 0 0.006529
35521025 0 0 0 0.00489897 2.44569e-08 0 0 0 0.006529
35586561 0 0 0 0.149423 2.2402e-05 0 0 0 0.006529
35652097 0 0 0 0.201371 3.98707e-05 0 0 0 0.006529
35717633 0 0 0 0.125194 1.51062e-05 0 0 0 0.006529
35783169 0 0 0 0.295789 8.27074e-05 0 0 0 0.006529
35848705 0 0 0 0.405486 0.000152491 0 0 0 0.006529
35914241 0 0 0 0.359813 0.00011784 0 0 0 0.006529
35979777 0 0 0 0.495604 0.000219494 0 0 0 0.006529
36045313 0 0 0 0.20748 3.77761e-05 0 0 0 0.006529
36110849 0 0 0 -0.533744 0.000241805 0 0 0 0.00512573
36176385 0 0 0 -0.449413 0.000168299 0 0 0 0.00512573
36241921 0 0 0 -0.337489 9.3208e-05 0 0 0 0.00512573
36307457 0 0 0 -0.36642 0.000107935 0 0 0 0.00512573
36372993 0 0 0 -0.30404 7.30264e-05 0 0 0 0.00512573
36438529 0 0 0 -0.236414 4.34028e-05 0 0 0 0.00512573
36504065 0 0 0 -0.114103 9.94251e-06 0 0 0 0.00512573
36569601 0 0 0 -0.389026 0.000113646 0 0 0 0.00512573
36635137 0 0 0 -0.0792862 4.64573e-06 0 0 0 0.00512573
36700673 0 0 0 0.0271459 5.34927e-07 0 0 0 0.00512573
36766209 0 0 0 -0.0884049 5.59425e-06 0 0 0 0.00512573
36831745 0 0 0 0.0116042 9.45464e-08 0 0 0 0.00512573
36897281 0 0 0 0.221909 3.4155e-05 0 0 0 0.00512573
36962817 0 0 0 0.257779 4.53991e-05 0 0 0 0.00512573
37028353 0 0 0 0.421208 0.000119428 0 0 0 0.00512573
37093889 0 0 0 0.179765 2.14339e-05 0 0 0 0.00512573
34013953 0 0 0 0.158704 -0.091566 0 0 0 0.0072514
34079489 0 0 0 0.11214 -0.064714 0 0 0 0.0072514
34145025 0 0 0 0.141219 -0.0814854 0 0 0 0.0072514
34210561 0 0 0 0.0559472 -0.0322938 0 0 0 0.0072514
34276097 0 0 0 0.138187 -0.0797384 0 0 0 0.0072514
34341633 0 0 0 0.00874911 -0.00505113 0 0 0 0.0072514
34407169 0 0 0 -0.0289642 0.0167243 0 0 0 0.0072514
34472705 0 0 0 -0.0238066 0.013746 0 0 0 0.0072514
34538241 0 0 0 0.00438479 -0.00253152 0 0 0 0.0072514
34603777 0 0 0 -0.0590195 0.0340823 0 0 0 0.0072514
34669313 0 0 0 -0.0889762 0.0513869 0 0 0 0.0072514
34734849 0 0 0 -0.223192 0.128962 0 0 0 0.0072514
34800385 0 0 0 -0.130211 0.0752112 0 0 0 0.0072514
34865921 0 0 0 -0.174198 0.100634 0 0 0 0.0072514
34931457 0 0 0 -0.292788 0.169209 0 0 0 0.0072514
34996993 0 0 0 -0.302054 0.174567 0 0 0 0.0072514
35062529 0 0 0 -0.0754684 0.0435822 0 0 0 0.00762925
35128065 0 0 0 0.0672996 -0.0388473 0 0 0 0.00762925
35193601 0 0 0 0.175967 -0.10154 0 0 0 0.00762925
35259137 0 0 0 0.109246 -0.0630528 0 0 0 0.00762925
35324673 0 0 0 0.105836 -0.0610855 0 0 0 0.00762925
35390209 0 0 0 0.137416 -0.0793059 0 0 0 0.00762925
35455745 0 0 0 0.149624 -0.0863492 0 0 0 0.00762925
35521281 0 0 0 0.0198728 -0.0114729 0 0 0 0.00762925
35586817 0 0 0 0.07586 -0.0437889 0 0 0 0.00762925
35652353 0 0 0 0.0325623 -0.0187983 0 0 0 0.00762925
35717889 0 0 0 -0.10276 0.0593443 0 0 0 0.00762925
35783425 0 0 0 -0.0275271 0.0158939 0 0 0 0.00762925
35848961 0 0 0 -0.0831725 0.0480295 0 0 0 0.00762925
35914497 0 0 0 -0.0289291 0.0167034 0 0 0 0.00762925
35980033 0 0 0 -0.142811 0.08248 0 0 0 0.00762925
36045569 0 0 0 -0.0994418 0.0574261 0 0 0 0.00762925
36111105 0 0 0 0.0614735 -0.0354868 0 0 0 0.00788905
36176641 0 0 0 0.0928367 -0.0535883 0 0 0 0.00788905
36242177 0 0 0 0.0329835 -0.0190417 0 0 0 0.00788905
36307713 0 0 0 0.0461237 -0.0266269 0 0 0 0.00788905
36373249 0 0 0 0.140287 -0.0809706 0 0 0 0.00788905
36438785 0 0 0 0.117221 -0.067661 0 0 0 0.00788905
36504321 0 0 0 -0.105357 0.0608409 0 0 0 0.00788905
36569857 0 0 0 0.0250181 -0.0144435 0 0 0 0.00788905
36635393 0 0 0 0.0312641 -0.0180492 0 0 0 0.00788905
36700929 0 0 0 -0.088235 0.0509512 0 0 0 0.00788905
36766465 0 0 0 0.0325454 -0.0187889 0 0 0 0.00788905
36832001 0 0 0 0.0580261 -0.0334977 0 0 0 0.00788905
36897537 0 0 0 0.0379212 -0.0218923 0 0 0 0.00788905
36963073 0 0 0 0.0129478 -0.00747525 0 0 0 0.00788905
37028609 0 0 0 -0.20177 0.116534 0 0 0 0.00788905
37094145 0 0 0 0 0 0 0 0 0.00788905
34014209 0 0 0 0.0590582 -0.102247 0 0 0 0.00591942
34079745 0 0 0 0.0609212 -0.105472 0 0 0 0.00591942
34145281 0 0 0 0.0644139 -0.111517 0 0 0 0.00591942
34210817 0 0 0 0.0310883 -0.0538348 0 0 0 0.00591942
34276353 0 0 0 0.0314076 -0.0543878 0 0 0 0.00591942
34341889 0 0 0 0.0165942 -0.0287388 0 0 0 0.00591942
34407425 0 0 0 -0.0125511 0.021741 0 0 0 0.00591942
34472961 0 0 0 0.0150241 -0.0260199 0 0 0 0.00591942
34538497 0 0 0 0.0635375 -0.110005 0 0 0 0.00591942
34604033 0 0 0 0.000270199 -0.000467997 0 0 0 0.00591942
34669569 0 0 0 0.0159283 -0.0275859 0 0 0 0.00591942
34735105 0 0 0 -0.0964844 0.167215 0 0 0 0.00591942
34800641 0 0 0 -0.0600531 0.104053 0 0 0 0.00591942
34866177 0 0 0 -0.0651102 0.112818 0 0 0 0.00591942
34931713 0 0 0 -0.115483 0.200159 0 0 0 0.00591942
34997249 0 0 0 -0.1469 0.254654 0 0 0 0.00591942
35062785 0 0 0 -0.131272 0.227535 0 0 0 0.00566699
35128321 0 0 0 -0.0681518 0.118086 0 0 0 0.00566699
35193857 0 0 0 0.0325257 -0.0563265 0 0 0 0.00566699
35259393 0 0 0 0.00173838 -0.00301093 0 0 0 0.00566699
35324929 0 0 0 0.0102668 -0.0177817 0 0 0 0.00566699
35390465 0 0 0 0.0513444 -0.0889085 0 0 0 0.00566699
35456001 0 0 0 0.0207951 -0.0360145 0 0 0 0.00566699
35521537 0 0 0 -0.0111514 0.0193158 0 0 0 0.00566699
35587073 0 0 0 0.0356141 -0.0616752 0 0 0 0.00566699
35652609 0 0 0 0.0737203 -0.127645 0 0 0 0.00566699
35718145 0 0 0 0.0206879 -0.0358291 0 0 0 0.00566699
35783681 0 0 0 0.0531694 -0.0920706 0 0 0 0.00566699
35849217 0 0 0 0.0490751 -0.0849827 0 0 0 0.00566699
35914753 0 0 0 0.0410833 -0.071146 0 0 0 0.00566699
35980289 0 0 0 0.0996006 -0.172442 0 0 0 0.00566699
36045825 0 0 0 -0.0437455 0.0757829 0 0 0 0.00566699
36111361 0 0 0 -0.0573824 0.0994115 0 0 0 0.00561285
36176897 0 0 0 0.0145624 -0.0252214 0 0 0 0.00561285
36242433 0 0 0 0.037999 -0.0658067 0 0 0 0.00561285
36307969 0 0 0 -0.0174539 0.030233 0 0 0 0.00561285
36373505 0 0 0 0.014081 -0.0243878 0 0 0 0.00561285
36439041 0 0 0 0.0278051 -0.048155 0 0 0 0.00561285
36504577 0 0 0 0.0544922 -0.0943652 0 0 0 0.00561285
36570113 0 0 0 -0.104642 0.18131 0 0 0 0.00561285
36635649 0 0 0 -0.0142455 0.0246751 0 0 0 0.00561285
36701185 0 0 0 0.0288335 -0.0499363 0 0 0 0.00561285
36766721 0 0 0 -0.0717072 0.12423 0 0 0 0.00561285
36832257 0 0 0 -0.0130204 0.022553 0 0 0 0.00561285
36897793 0 0 0 0.0644849 -0.111668 0 0 0 0.00561285
36963329 0 0 0 0.0223806 -0.0387617 0 0 0 0.00561285
37028865 0 0 0 0.0426588 -0.0738774 0 0 0 0.00561285
37094401 0 0 0 -0.0844635 0.146333 0 0 0 0.00561285
34014465 0 0 0 4.02431e-06 0.0502495 0 0 0 0.00395866
34080001 0 0 0 6.59405e-06 0.0649061 0 0 0 0.00395866
34145537 0 0 0 6.55401e-06 0.0652855 0 0 0 0.00395866
34211073 0 0 0 4.76686e-07 0.017761 0 0 0 0.00395866
34276609 0 0 0 7.32178e-06 -0.070207 0 0 0 0.00395866
34342145 0 0 0 1.35908e-06 0.0305038 0 0 0 0.00395866
34407681 0 0 0 3.11375e-05 0.147222 0 0 0 0.00395866
34473217 0 0 0 1.63745e-07 0.0107635 0 0 0 0.00395866
34538753 0 0 0 0.0950783 -8.26731 0 0 0 0.00395866
34604289 0 0 0 0.0111093 -2.84853 0 0 0 0.00395866
34669825 0 0 0 1.01876e-05 -0.0869344 0 0 0 0.00395866
34735361 0 0 0 3.23904e-06 -0.0493954 0 0 0 0.00395866
34800897 0 0 0 6.6695e-05 -0.225838 0 0 0 0.00395866
34866433 0 0 0 4.14673e-05 -0.179403 0 0 0 0.00395866
34931969 0 0 0 6.94291e-05 -0.233843 0 0 0 0.00395866
34997505 0 0 0 0.000162511 -0.360351 0 0 0 0.00395866
35063041 0 0 0 2.30798e-06 -0.0438516 0 0 0 0.0034557
35128577 0 0 0 3.0658e-05 0.16177 0 0 0 0.0034557
35194113 0 0 0 7.64267e-06 0.0817298 0 0 0 0.0034557
35259649 0 0 0 2.71685e-05 0.155885 0 0 0 0.0034557
35325185 0 0 0 2.44551e-05 0.149574 0 0 0 0.0034557
35390721 0 0 0 6.23149e-07 0.0241413 0 0 0 0.0034557
35456257 0 0 0 9.77675e-06 0.0966607 0 0 0 0.0034557
35521793 0 0 0 3.32304e-05 0.180099 0 0 0 0.0034557
35587329 0 0 0 4.5847e-06 0.0675915 0 0 0 0.0034557
35652865 0 0 0 1.49279e-06 0.0389619 0 0 0 0.0034557
35718401 0 0 0 3.71515e-06 0.062079 0 0 0 0.0034557
35783937 0 0 0 2.98903e-05 -0.177809 0 0 0 0.0034557
35849473 0 0 0 5.81502e-06 -0.0791799 0 0 0 0.0034557
35915009 0 0 0 2.39037e-05 -0.162048 0 0 0 0.0034557
35980545 0 0 0 4.54139e-06 0.0712861 0 0 0 0.0034557
36046081 0 0 0 1.53316e-05 0.132169 0 0 0 0.0034557
36111617 0 0 0 7.02566e-08 -0.00909822 0 0 0 0.00389341
36177153 0 0 0 1.80409e-05 -0.147146 0 0 0 0.00389341
36242689 0 0 0 7.34393e-06 -0.0947367 0 0 0 0.00389341
36308225 0 0 0 3.87419e-07 -0.0219538 0 0 0 0.00389341
36373761 0 0 0 2.9331e-06 -0.0609366 0 0 0 0.00389341
36439297 0 0 0 1.83666e-05 -0.153801 0 0 0 0.00389341
36504833 0 0 0 3.10341e-05 0.20162 0 0 0 0.00389341
36570369 0 0 0 4.05162e-07 -0.0232293 0 0 0 0.00389341
36635905 0 0 0 1.4694e-06 -0.0446005 0 0 0 0.00389341
36701441 0 0 0 5.67441e-07 0.0279397 0 0 0 0.00389341
36766977 0 0 0 1.26382e-05 -0.132904 0 0 0 0.00389341
36832513 0 0 0 3.69298e-07 0.0228965 0 0 0 0.00389341
36898049 0 0 0 4.97369e-06 0.084674 0 0 0 0.00389341
36963585 0 0 0 1.2365e-05 -0.134521 0 0 0 0.00389341
37029121 0 0 0 7.43399e-05 0.332303 0 0 0 0.00389341
37094657 0 0 0 0 0 0 0 0 0.00389341
34014721 0 0 0 -0.0516513 -0.0894967 0 0 0 0.0049628
34080257 0 0 0 0.0380575 0.0658994 0 0 0 0.0049628
34145793 0 0 0 -0.0396233 -0.0686489 0 0 0 0.0049628
34211329 0 0 0 0.0451307 0.078144 0 0 0 0.0049628
34276865 0 0 0 -0.0463926 -0.08038 0 0 0 0.0049628
34342401 0 0 0 0.0298225 0.0516437 0 0 0 0.0049628
34407937 0 0 0 0.0166882 0.0289017 0 0 0 0.0049628
34473473 0 0 0 0.0239578 0.0414897 0 0 0 0.0049628
34539009 0 0 0 -0.104409 -0.180964 0 0 0 0.0049628
34604545 0 0 0 0.0177051 0.0306627 0 0 0 0.0049628
34670081 0 0 0 -0.04053 -0.0702178 0 0 0 0.0049628
34735617 0 0 0 0.0357893 0.0619753 0 0 0 0.0049628
34801153 0 0 0 -0.036347 -0.0629686 0 0 0 0.0049628
34866689 0 0 0 -0.0119444 -0.0206897 0 0 0 0.0049628
34932225 0 0 0 0.00993945 0.0172146 0 0 0 0.0049628
34997761 0 0 0 -0.0299741 -0.0519257 0 0 0 0.0049628
35063297 0 0 0 0.147885 0.255935 0 0 0 0.00365196
35128833 0 0 0 0.0649645 0.112482 0 0 0 0.00365196
35194369 0 0 0 0.0273157 0.0473054 0 0 0 0.00365196
35259905 0 0 0 -0.0387767 -0.0671767 0 0 0 0.00365196
35325441 0 0 0 -0.00715669 -0.0123962 0 0 0 0.00365196
35390977 0 0 0 -0.0475197 -0.0823258 0 0 0 0.00365196
35456513 0 0 0 0.00747649 0.0129492 0 0 0 0.00365196
35522049 0 0 0 -0.0171172 -0.0296503 0 0 0 0.00365196
35587585 0 0 0 -0.0316042 -0.0547481 0 0 0 0.00365196
35653121 0 0 0 -0.0596213 -0.103295 0 0 0 0.00365196
35718657 0 0 0 -0.0475955 -0.0824553 0 0 0 0.00365196
35784193 0 0 0 -0.118642 -0.205601 0 0 0 0.00365196
35849729 0 0 0 -0.0481389 -0.0833961 0 0 0 0.00365196
35915265 0 0 0 -0.0432682 -0.0749563 0 0 0 0.00365196
35980801 0 0 0 -0.104723 -0.181464 0 0 0 0.00365196
36046337 0 0 0 0.0811196 0.140457 0 0 0 0.00365196
36111873 0 0 0 0.128246 0.222017 0 0 0 0.00317609
36177409 0 0 0 0.065056 0.112652 0 0 0 0.00317609
36242945 0 0 0 0.0197958 0.0342847 0 0 0 0.00317609
36308481 0 0 0 0.0351535 0.0608797 0 0 0 0.00317609
36374017 0 0 0 0.11634 0.201422 0 0 0 0.00317609
36439553 0 0 0 -0.013131 -0.0227446 0 0 0 0.00317609
36505089 0 0 0 -0.0695112 -0.120426 0 0 0 0.00317609
36570625 0 0 0 0.137823 0.238603 0 0 0 0.00317609
36636161 0 0 0 0.0119102 0.0206283 0 0 0 0.00317609
36701697 0 0 0 0.00706016 0.0122283 0 0 0 0.00317609
36767233 0 0 0 0.0129415 0.0224144 0 0 0 0.00317609
36832769 0 0 0 0.0260204 0.0450648 0 0 0 0.00317609
36898305 0 0 0 -0.0075507 -0.0130785 0 0 0 0.00317609
36963841 0 0 0 -0.0481999 -0.0834973 0 0 0 0.00317609
37029377 0 0 0 -0.0841085 -0.145718 0 0 0 0.00317609
37094913 0 0 0 0.0927974 0.160684 0 0 0 0.00317609
34014977 0 0 0 0.00901787 0.00520627 0 0 0 0.00706344
34080513 0 0 0 0.0917373 0.0529443 0 0 0 0.00706344
34146049 0 0 0 0.0251226 0.014503 0 0 0 0.00706344
34211585 0 0 0 0.0673021 0.0388464 0 0 0 0.00706344
34277121 0 0 0 0.0161829 0.00934263 0 0 0 0.00706344
34342657 0 0 0 0.0989012 0.0570786 0 0 0 0.00706344
34408193 0 0 0 -0.0150648 -0.00869815 0 0 0 0.00706344
34473729 0 0 0 0.0228872 0.0132128 0 0 0 0.00706344
34539265 0 0 0 -0.141466 -0.0817183 0 0 0 0.00706344
34604801 0 0 0 0.00223307 0.00128925 0 0 0 0.00706344
34670337 0 0 0 0.0160556 0.00926917 0 0 0 0.00706344
34735873 0 0 0 0.0887642 0.0512319 0 0 0 0.00706344
34801409 0 0 0 -0.0308531 -0.017815 0 0 0 0.00706344
34866945 0 0 0 0.00626253 0.00361559 0 0 0 0.00706344
34932481 0 0 0 -0.057905 -0.033438 0 0 0 0.00706344
34998017 0 0 0 -0.0530756 -0.0306486 0 0 0 0.00706344
35063553 0 0 0 -0.0707286 -0.0408444 0 0 0 0.00766262
35129089 0 0 0 -0.123646 -0.0714145 0 0 0 0.00766262
35194625 0 0 0 -0.146563 -0.0846561 0 0 0 0.00766262
35260161 0 0 0 -0.132113 -0.0763057 0 0 0 0.00766262
35325697 0 0 0 -0.070453 -0.0406844 0 0 0 0.00766262
35391233 0 0 0 -0.0628944 -0.0363186 0 0 0 0.00766262
35456769 0 0 0 0.0360048 0.0207853 0 0 0 0.00766262
35522305 0 0 0 0.117897 0.0680459 0 0 0 0.00766262
35587841 0 0 0 -0.00826734 -0.00477325 0 0 0 0.00766262
35653377 0 0 0 -0.0250777 -0.0144796 0 0 0 0.00766262
35718913 0 0 0 0.0933359 0.0538746 0 0 0 0.00766262
35784449 0 0 0 0.123689 0.0713894 0 0 0 0.00766262
35849985 0 0 0 0.062961 0.0363449 0 0 0 0.00766262
35915521 0 0 0 0.169952 0.0980816 0 0 0 0.00766262
35981057 0 0 0 0.175652 0.10137 0 0 0 0.00766262
36046593 0 0 0 0.413454 0.238477 0 0 0 0.00766262
36112129 0 0 0 0.00234928 0.00135635 0 0 0 0.00824956
36177665 0 0 0 -0.0825132 -0.0476477 0 0 0 0.00824956
36243201 0 0 0 -0.176248 -0.101796 0 0 0 0.00824956
36308737 0 0 0 -0.128117 -0.0739887 0 0 0 0.00824956
36374273 0 0 0 -0.124014 -0.0716181 0 0 0 0.00824956
36439809 0 0 0 -0.138061 -0.0797324 0 0 0 0.00824956
36505345 0 0 0 -0.188193 -0.108695 0 0 0 0.00824956
36570881 0 0 0 0.120197 0.0693788 0 0 0 0.00824956
36636417 0 0 0 -0.0468765 -0.0270667 0 0 0 0.00824956
36701953 0 0 0 -0.0785831 -0.0453769 0 0 0 0.00824956
36767489 0 0 0 0.0933588 0.0538911 0 0 0 0.00824956
36833025 0 0 0 -0.00586765 -0.00338773 0 0 0 0.00824956
36898561 0 0 0 -0.0615389 -0.0355336 0 0 0 0.00824956
36964097 0 0 0 -0.0459933 -0.0265565 0 0 0 0.00824956
37029633 0 0 0 -0.086183 -0.0497655 0 0 0 0.00824956
37095169 0 0 0 0.232011 0.133897 0 0 0 0.00824956
34015233 0 0 0 -0.359547 -0.000206044 0 0 0 0.00385834
34080769 0 0 0 -0.249698 -9.75981e-05 0 0 0 0.00385834
34146305 0 0 0 -0.228645 -8.03952e-05 0 0 0 0.00385834
34211841 0 0 0 -0.157519 -3.74983e-05 0 0 0 0.00385834
34277377 0 0 0 -0.170042 -4.2955e-05 0 0 0 0.00385834
34342913 0 0 0 -0.0305143 -1.36084e-06 0 0 0 0.00385834
34408449 0 0 0 0.0311586 -1.39392e-06 0 0 0 0.00385834
34473985 0 0 0 0.0133013 -2.49707e-07 0 0 0 0.00385834
34539521 0 0 0 0.00654761 -5.94541e-08 0 0 0 0.00385834
34605057 0 0 0 0.102296 -1.43243e-05 0 0 0 0.00385834
34670593 0 0 0 0.188869 -4.80801e-05 0 0 0 0.00385834
34736129 0 0 0 0.302441 -0.000121421 0 0 0 0.00385834
34801665 0 0 0 0.279785 -0.000102356 0 0 0 0.00385834
34867201 0 0 0 0.372681 -0.000178936 0 0 0 0.00385834
34932737 0 0 0 0.412538 -0.000216073 0 0 0 0.00385834
34998273 0 0 0 0.436268 -0.000238187 0 0 0 0.00385834
35063809 0 0 0 -0.195176 -4.57262e-05 0 0 0 0.00550964
35129345 0 0 0 -0.224669 -5.91395e-05 0 0 0 0.00550964
35194881 0 0 0 -0.257553 -7.59028e-05 0 0 0 0.00550964
35260417 0 0 0 -0.147981 -2.44871e-05 0 0 0 0.00550964
35325953 0 0 0 -0.117784 -1.51676e-05 0 0 0 0.00550964
35391489 0 0 0 -0.108537 -1.25987e-05 0 0 0 0.00550964
35457025 0 0 0 -0.0470318 -2.31587e-06 0 0 0 0.00550964
35522561 0 0 0 0.0688861 -4.85975e-06 0 0 0 0.00550964
35588097 0 0 0 -1.49474 -0.00224215 0 0 0 0.00550964
35653633 0 0 0 0.0976485 -9.37408e-06 0 0 0 0.00550964
35719169 0 0 0 0.154716 -2.30718e-05 0 0 0 0.00550964
35784705 0 0 0 0.0894787 -7.56703e-06 0 0 0 0.00550964
35850241 0 0 0 0.126541 -1.48487e-05 0 0 0 0.00550964
35915777 0 0 0 0.134618 -1.64926e-05 0 0 0 0.00550964
35981313 0 0 0 0.0761201 -5.17615e-06 0 0 0 0.00550964
36046849 0 0 0 0.377354 -0.000124965 0 0 0 0.00550964
36112385 0 0 0 -0.208308 -3.68342e-05 0 0 0 0.00656969
36177921 0 0 0 -0.290398 -7.02742e-05 0 0 0 0.00656969
36243457 0 0 0 -0.278502 -6.34745e-05 0 0 0 0.00656969
36308993 0 0 0 -0.210149 -3.55049e-05 0 0 0 0.00656969
36374529 0 0 0 -0.178122 -2.50663e-05 0 0 0 0.00656969
36440065 0 0 0 -0.230498 -4.12581e-05 0 0 0 0.00656969
36505601 0 0 0 -0.209302 -3.34495e-05 0 0 0 0.00656969
36571137 0 0 0 0.117259 -1.0321e-05 0 0 0 0.00656969
36636673 0 0 0 -0.0568429 -2.3883e-06 0 0 0 0.00656969
36702209 0 0 0 -0.0594246 -2.56849e-06 0 0 0 0.00656969
36767745 0 0 0 0.132875 -1.2629e-05 0 0 0 0.00656969
36833281 0 0 0 0.0420956 -1.24716e-06 0 0 0 0.00656969
36898817 0 0 0 0.0343054 -8.15482e-07 0 0 0 0.00656969
36964353 0 0 0 0.0700543 -3.35154e-06 0 0 0 0.00656969
37029889 0 0 0 0.0628408 -2.65682e-06 0 0 0 0.00656969
37095425 0 0 0 0.342721 -7.79139e-05 0 0 0 0.00656969
34015489 0 0 0 -0.123125 0.0710493 0 0 0 0.0064224
34081025 0 0 0 -0.121332 0.0700157 0 0 0 0.0064224
34146561 0 0 0 -0.163519 0.0943442 0 0 0 0.0064224
34212097 0 0 0 -0.0374454 0.0216158 0 0 0 0.0064224
34277633 0 0 0 -0.0943502 0.0544527 0 0 0 0.0064224
34343169 0 0 0 0.00663509 -0.00383087 0 0 0 0.0064224
34408705 0 0 0 0.0137253 -0.00792472 0 0 0 0.0064224
34474241 0 0 0 0.0111607 -0.00644392 0 0 0 0.0064224
34539777 0 0 0 -0.0726459 0.0419309 0 0 0 0.0064224
34605313 0 0 0 -0.0132021 0.00762187 0 0 0 0.0064224
34670849 0 0 0 0.136577 -0.0788913 0 0 0 0.0064224
34736385 0 0 0 0.234147 -0.135297 0 0 0 0.0064224
34801921 0 0 0 0.224559 -0.129751 0 0 0 0.0064224
34867457 0 0 0 0.26007 -0.150286 0 0 0 0.0064224
34932993 0 0 0 0.259914 -0.150194 0 0 0 0.0064224
34998529 0 0 0 0.239003 -0.138099 0 0 0 0.0064224
35064065 0 0 0 0.0116588 -0.00673145 0 0 0 0.00871173
35129601 0 0 0 -0.00132956 0.000767618 0 0 0 0.00871173
35195137 0 0 0 -0.0390317 0.0225323 0 0 0 0.00871173
35260673 0 0 0 0 0 0 0 0 0.00871173
35326209 0 0 0 0.0242673 -0.0140117 0 0 0 0.00871173
35391745 0 0 0 -0.0758016 0.0437546 0 0 0 0.00871173
35457281 0 0 0 -0.0821754 0.0474331 0 0 0 0.00871173
35522817 0 0 0 -0.0311117 0.0179608 0 0 0 0.00871173
35588353 0 0 0 -0.0428593 0.024742 0 0 0 0.00871173
35653889 0 0 0 -0.036905 0.0213051 0 0 0 0.00871173
35719425 0 0 0 -0.0809362 0.0467188 0 0 0 0.00871173
35784961 0 0 0 -0.1565 0.0903194 0 0 0 0.00871173
35850497 0 0 0 -0.238734 0.137752 0 0 0 0.00871173
35916033 0 0 0 -0.0781689 0.0451223 0 0 0 0.00871173
35981569 0 0 0 -0.185557 0.107084 0 0 0 0.00871173
36047105 0 0 0 0.0484386 -0.0279692 0 0 0 0.00871173
36112641 0 0 0 0.200729 -0.115943 0 0 0 0.00942758
36178177 0 0 0 0.108066 -0.0624066 0 0 0 0.00942758
36243713 0 0 0 -0.0302809 0.0174815 0 0 0 0.00942758
36309249 0 0 0 0.0378105 -0.0218317 0 0 0 0.00942758
36374785 0 0 0 0.0846026 -0.048854 0 0 0 0.00942758
36440321 0 0 0 -0.0457134 0.0263901 0 0 0 0.00942758
36505857 0 0 0 -0.145471 0.083963 0 0 0 0.00942758
36571393 0 0 0 0.226083 -0.130588 0 0 0 0.00942758
36636929 0 0 0 0.00962942 -0.00555965 0 0 0 0.00942758
36702465 0 0 0 0.0642661 -0.0371086 0 0 0 0.00942758
36768001 0 0 0 -0.0700535 0.04044 0 0 0 0.00942758
36833537 0 0 0 -0.0918046 0.0529943 0 0 0 0.00942758
36899073 0 0 0 -0.0273775 0.0158056 0 0 0 0.00942758
36964609 0 0 0 -0.253737 0.146427 0 0 0 0.00942758
37030145 0 0 0 0.228161 -0.131783 0 0 0 0.00942758
37095681 0 0 0 0 0 0 0 0 0.00942758
34015745 0 0 0 0.0389804 -0.0675354 0 0 0 0.00773245
34081281 0 0 0 0.0419772 -0.0727288 0 0 0 0.00773245
34146817 0 0 0 0.0192689 -0.0333793 0 0 0 0.00773245
34212353 0 0 0 0.0381315 -0.0660634 0 0 0 0.00773245
34277889 0 0 0 0.0200785 -0.0347819 0 0 0 0.00773245
34343425 0 0 0 0.0546777 -0.0947395 0 0 0 0.00773245
34408961 0 0 0 0.0410845 -0.0711798 0 0 0 0.00773245
34474497 0 0 0 0.0308082 -0.0533721 0 0 0 0.00773245
34540033 0 0 0 -0.0368716 0.0638483 0 0 0 0.00773245
34605569 0 0 0 -0.00458641 0.00794366 0 0 0 0.00773245
34671105 0 0 0 -0.0236453 0.0409488 0 0 0 0.00773245
34736641 0 0 0 -0.00948105 0.0164207 0 0 0 0.00773245
34802177 0 0 0 -0.056204 0.0973152 0 0 0 0.00773245
34867713 0 0 0 -0.0837306 0.144953 0 0 0 0.00773245
34933249 0 0 0 -0.0860619 0.148988 0 0 0 0.00773245
34998785 0 0 0 -0.151455 0.262098 0 0 0 0.00773245
35064321 0 0 0 -0.00857553 0.0148526 0 0 0 0.0074001
35129857 0 0 0 0.00802363 -0.0138979 0 0 0 0.0074001
35195393 0 0 0 -0.0261279 0.0452487 0 0 0 0.0074001
35260929 0 0 0 0.0176583 -0.0305879 0 0 0 0.0074001
35326465 0 0 0 0.00757689 -0.0131241 0 0 0 0.0074001
35392001 0 0 0 -0.0126171 0.0218521 0 0 0 0.0074001
35457537 0 0 0 0.0272416 -0.0471901 0 0 0 0.0074001
35523073 0 0 0 0.0535933 -0.09285 0 0 0 0.0074001
35588609 0 0 0 -0.000826921 0.00143226 0 0 0 0.0074001
35654145 0 0 0 0.0082336 -0.0142615 0 0 0 0.0074001
35719681 0 0 0 -0.0211785 0.0366788 0 0 0 0.0074001
35785217 0 0 0 0.00435924 -0.00755057 0 0 0 0.0074001
35850753 0 0 0 -0.0843519 0.146049 0 0 0 0.0074001
35916289 0 0 0 0.0678247 -0.117509 0 0 0 0.0074001
35981825 0 0 0 0.118841 -0.20594 0 0 0 0.0074001
36047361 0 0 0 0.0448975 -0.0777789 0 0 0 0.0074001
36112897 0 0 0 0.000712893 -0.00123477 0 0 0 0.00709063
36178433 0 0 0 0.0126829 -0.0219685 0 0 0 0.00709063
36243969 0 0 0 0.00825364 -0.0142962 0 0 0 0.00709063
36309505 0 0 0 -0.0272241 0.0471487 0 0 0 0.00709063
36375041 0 0 0 -0.043209 0.0748284 0 0 0 0.00709063
36440577 0 0 0 0.0914029 -0.158366 0 0 0 0.00709063
36506113 0 0 0 -0.00151173 0.00261838 0 0 0 0.00709063
36571649 0 0 0 -0.029473 0.0510435 0 0 0 0.00709063
36637185 0 0 0 0.0355243 -0.0615374 0 0 0 0.00709063
36702721 0 0 0 -0.0179454 0.0310804 0 0 0 0.00709063
36768257 0 0 0 -0.0568332 0.0984194 0 0 0 0.00709063
36833793 0 0 0 -0.0470083 0.0814084 0 0 0 0.00709063
36899329 0 0 0 -0.0698439 0.120946 0 0 0 0.00709063
36964865 0 0 0 0.0638801 -0.110666 0 0 0 0.00709063
37030401 0 0 0 0 0 0 0 0 0.00709063
37095937 0 0 0 0 0 0 0 0 0.00709063
34016001 0 0 0 -0.000130041 -0.285645 0 0 0 0.0119415
34081537 0 0 0 -5.45345e-05 -0.186657 0 0 0 0.0119415
34147073 0 0 0 -6.17434e-06 -0.0633664 0 0 0 0.0119415
34212609 0 0 0 -3.82874e-05 -0.159176 0 0 0 0.0119415
34278145 0 0 0 -3.47275e-06 -0.0483514 0 0 0 0.0119415
34343681 0 0 0 -2.19814e-05 -0.122676 0 0 0 0.0119415
34409217 0 0 0 -2.57535e-06 -0.0423397 0 0 0 0.0119415
34474753 0 0 0 -3.46307e-07 0.0156531 0 0 0 0.0119415
34540289 0 0 0 -3.41066e-05 0.156593 0 0 0 0.0119415
34605825 0 0 0 -2.46986e-05 0.134312 0 0 0 0.0119415
34671361 0 0 0 -3.4516e-05 0.160017 0 0 0 0.0119415
34736897 0 0 0 -9.54329e-06 0.0847866 0 0 0 0.0119415
34802433 0 0 0 -4.50159e-05 0.185539 0 0 0 0.0119415
34867969 0 0 0 -5.50647e-05 0.206734 0 0 0 0.0119415
34933505 0 0 0 -0.000103815 0.285945 0 0 0 0.0119415
34999041 0 0 0 -0.000215129 0.414605 0 0 0 0.0119415
35064577 0 0 0 -7.78668e-05 -0.25471 0 0 0 0.0103227
35130113 0 0 0 -9.5619e-05 -0.285692 0 0 0 0.0103227
35195649 0 0 0 -7.77694e-06 -0.0824446 0 0 0 0.0103227
35261185 0 0 0 -4.61317e-06 -0.0642349 0 0 0 0.0103227
35326721 0 0 0 -3.30542e-06 -0.0549901 0 0 0 0.0103227
35392257 0 0 0 -1.62276e-07 0.0123194 0 0 0 0.0103227
35457793 0 0 0 -3.46312e-06 -0.057529 0 0 0 0.0103227
35523329 0 0 0 -8.29758e-06 -0.0899949 0 0 0 0.0103227
35588865 0 0 0 -7.633e-06 0.0872137 0 0 0 0.0103227
35654401 0 0 0 -3.50304e-05 0.18874 0 0 0 0.0103227
35719937 0 0 0 -1.13988e-06 0.0343863 0 0 0 0.0103227
35785473 0 0 0 -7.45228e-06 0.0887836 0 0 0 0.0103227
35851009 0 0 0 -3.23501e-05 0.186757 0 0 0 0.0103227
35916545 0 0 0 -1.57104e-07 -0.0131373 0 0 0 0.0103227
35982081 0 0 0 -6.73069e-05 0.274435 0 0 0 0.0103227
36047617 0 0 0 -5.19202e-06 -0.0769138 0 0 0 0.0103227
36113153 0 0 0 -8.73435e-05 -0.320796 0 0 0 0.0094762
36178689 0 0 0 -3.38599e-05 -0.201587 0 0 0 0.0094762
36244225 0 0 0 -6.27117e-10 0.000875433 0 0 0 0.0094762
36309761 0 0 0 -5.24738e-06 -0.080796 0 0 0 0.0094762
36375297 0 0 0 -2.02221e-05 -0.160003 0 0 0 0.0094762
36440833 0 0 0 -1.00043e-06 -0.0358955 0 0 0 0.0094762
36506369 0 0 0 -1.09668e-06 0.0379014 0 0 0 0.0094762
36571905 0 0 0 -4.26032e-05 -0.238201 0 0 0 0.0094762
36637441 0 0 0 -1.58181e-08 0.00462751 0 0 0 0.0094762
36702977 0 0 0 -2.38496e-05 -0.181135 0 0 0 0.0094762
36768513 0 0 0 -5.86889e-07 0.0286402 0 0 0 0.0094762
36834049 0 0 0 -3.25118e-05 0.214833 0 0 0 0.0094762
36899585 0 0 0 -8.21453e-06 0.108818 0 0 0 0.0094762
36965121 0 0 0 -5.52938e-05 0.284466 0 0 0 0.0094762
37030657 0 0 0 -4.63021e-08 0.00829322 0 0 0 0.0094762
37096193 0 0 0 0 0 0 0 0 0.0094762
53936384 0 0 0 8.647 0.0018366 10.571
53936385 0 0 0 5.1853 0.049445 7.9748
53936386 0 0 0 1.7749 -0.023141 0.92651
53936387 0 0 0 4.3113 -0.019835 -1.3331
53936388 0 0 0 4.3117 -2.3925 7.4323
53936389 0 0 0 5.0914 -2.8774 -1.3714
53936390 0 0 0 -0.63356 -0.3249 11.715
53936391 0 0 0 -0.025199 -0.014889 0.86858
54001664 0 0 0 8.6485 0.0030488 10.57
54001665 0 0 0 5.1941 0.049524 7.9691
54001666 0 0 0 1.7747 -0.023133 0.92692
54001667 0 0 0 4.3102 -0.019523 -1.3365
54001668 0 0 0 4.3113 -2.3922 7.4326
54001669 0 0 0 5.0925 -2.8782 -1.3655
54001670 0 0 0 -0.65195 -0.33574 11.713
54001671 0 0 0 -0.025145 -0.014857 0.86858
